pool	0	0	0	0.02	0.01	0.01	0.02	0.08	0.1	0.12	0.19	0.27	0.34	0.36	0.44	0.46	0.57	0.63	0.73	0.73	0.85	0.75	0.86
hello	0	0.02	0.01	0.08	0.05	0.11	0.17	0.21	0.33	0.48	0.5	0.58	0.64	0.67	0.75	0.79	0.74	0.75	0.78	0.76	0.82	0.85	0.88
grandpa*	0.01	0.02	0.06	0.05	0.08	0.15	0.15	0.22	0.34	0.39	0.54	0.58	0.61	0.67	0.76	0.79	0.79	0.86	0.88	0.85	0.93	0.9	0.94
uh oh	0.03	0.08	0.13	0.23	0.35	0.45	0.52	0.6	0.76	0.78	0.87	0.9	0.89	0.89	0.9	0.93	0.94	0.94	0.95	0.93	0.98	0.94	0.96
does									0	0	0.01	0.02	0.03	0.04	0.07	0.09	0.09	0.18	0.19	0.28	0.35	0.36	0.4
fish (food)	0	0	0	0	0.01	0.04	0.04	0.1	0.15	0.19	0.31	0.39	0.42	0.46	0.56	0.6	0.65	0.68	0.76	0.74	0.87	0.81	0.89
bathroom	0	0	0	0	0	0.01	0.02	0.07	0.04	0.06	0.16	0.23	0.28	0.34	0.49	0.54	0.59	0.67	0.72	0.73	0.88	0.83	0.92
party	0	0	0	0	0	0	0	0.02	0.01	0.01	0.07	0.09	0.12	0.16	0.23	0.32	0.44	0.5	0.58	0.55	0.76	0.68	0.77
box	0	0	0	0.01	0.01	0.02	0.03	0.12	0.12	0.17	0.28	0.37	0.39	0.44	0.55	0.61	0.65	0.72	0.76	0.83	0.88	0.85	0.92
belt									0.04	0.04	0.12	0.18	0.2	0.23	0.28	0.36	0.42	0.47	0.54	0.56	0.71	0.59	0.76
refrigerator	0	0	0	0	0	0	0	0.03	0.02	0.04	0.07	0.16	0.16	0.18	0.27	0.31	0.42	0.5	0.59	0.58	0.79	0.66	0.81
dranked									0	0	0	0.01	0	0	0.01	0.01	0.02	0.02	0.05	0.05	0.05	0.03	0.06
TV	0.01	0	0	0.01	0	0.02	0.06	0.11	0.1	0.15	0.31	0.38	0.42	0.49	0.63	0.64	0.73	0.78	0.83	0.82	0.95	0.89	0.93
bat									0.06	0.07	0.13	0.19	0.17	0.24	0.29	0.38	0.41	0.48	0.54	0.52	0.76	0.62	0.71
fast	0	0	0	0	0	0	0	0.03	0.02	0.04	0.05	0.12	0.15	0.19	0.3	0.36	0.41	0.5	0.59	0.59	0.75	0.67	0.83
person	0	0	0	0	0	0	0	0.01	0.01	0.01	0.01	0.02	0.04	0.03	0.05	0.06	0.11	0.14	0.19	0.21	0.29	0.25	0.33
ant									0.05	0.07	0.16	0.2	0.26	0.25	0.34	0.44	0.49	0.55	0.65	0.66	0.79	0.7	0.84
penny	0	0	0	0.01	0	0	0.01	0.03	0.02	0.03	0.08	0.1	0.13	0.18	0.27	0.31	0.36	0.45	0.54	0.55	0.67	0.61	0.7
pants	0	0	0	0.01	0	0.01	0.01	0.09	0.07	0.11	0.24	0.33	0.36	0.48	0.58	0.66	0.69	0.74	0.78	0.86	0.92	0.89	0.97
tooths									0	0.01	0.01	0.03	0.01	0.01	0.03	0.02	0.05	0.03	0.04	0.06	0.08	0.07	0.08
his	0	0	0	0	0	0	0	0.01	0	0	0	0.02	0.03	0.05	0.08	0.12	0.12	0.21	0.25	0.3	0.4	0.38	0.5
why	0	0	0	0.01	0	0	0.02	0.03	0.02	0.03	0.07	0.1	0.11	0.13	0.23	0.29	0.27	0.32	0.49	0.49	0.56	0.56	0.69
orange (food)	0	0	0	0.01	0	0.01	0.05	0.11	0.07	0.11	0.22	0.32	0.34	0.41	0.53	0.61	0.62	0.66	0.79	0.78	0.9	0.87	0.94
underpants									0.01	0.01	0.04	0.08	0.09	0.12	0.17	0.21	0.26	0.34	0.48	0.49	0.61	0.58	0.71
mittens									0.03	0.02	0.1	0.11	0.16	0.2	0.22	0.27	0.36	0.38	0.43	0.5	0.55	0.55	0.63
around									0.01	0.01	0.02	0.03	0.05	0.04	0.08	0.17	0.17	0.28	0.32	0.29	0.45	0.41	0.51
towel	0	0	0	0.01	0.01	0.01	0	0.09	0.06	0.09	0.2	0.26	0.29	0.38	0.49	0.56	0.62	0.7	0.73	0.75	0.91	0.8	0.92
high									0.01	0.01	0.06	0.08	0.14	0.16	0.26	0.3	0.37	0.48	0.48	0.53	0.69	0.64	0.8
sat									0	0.01	0.03	0.02	0.03	0.01	0.07	0.07	0.11	0.12	0.22	0.21	0.36	0.23	0.37
clap									0.07	0.12	0.21	0.29	0.32	0.31	0.49	0.51	0.59	0.64	0.68	0.67	0.82	0.75	0.86
drinked									0	0.01	0	0.01	0.03	0.02	0.05	0.04	0.07	0.06	0.14	0.11	0.13	0.11	0.18
bed	0.01	0	0	0.01	0.01	0.02	0.04	0.15	0.11	0.21	0.37	0.43	0.53	0.59	0.68	0.79	0.81	0.85	0.84	0.91	0.96	0.91	0.97
backyard	0	0	0	0	0.01	0	0	0.03	0.02	0.01	0.06	0.09	0.11	0.15	0.23	0.26	0.33	0.37	0.48	0.5	0.69	0.6	0.73
radio	0	0	0	0.01	0	0	0	0.04	0.02	0.02	0.05	0.12	0.12	0.2	0.26	0.24	0.29	0.37	0.5	0.52	0.65	0.57	0.67
tooth	0	0	0	0	0	0.02	0.07	0.16	0.16	0.17	0.32	0.38	0.43	0.41	0.53	0.59	0.7	0.72	0.79	0.81	0.92	0.86	0.9
kick	0	0	0	0	0	0.01	0.02	0.06	0.05	0.08	0.15	0.21	0.2	0.29	0.38	0.47	0.52	0.58	0.66	0.67	0.8	0.77	0.88
heavy									0.03	0.02	0.08	0.16	0.19	0.24	0.35	0.43	0.49	0.55	0.64	0.68	0.81	0.74	0.88
light	0	0.02	0	0.02	0.05	0.07	0.1	0.17	0.25	0.2	0.42	0.44	0.53	0.55	0.69	0.7	0.77	0.79	0.86	0.85	0.94	0.86	0.95
bump	0	0	0	0	0	0.01	0.03	0.12	0.06	0.07	0.13	0.14	0.2	0.18	0.36	0.38	0.41	0.48	0.59	0.51	0.71	0.66	0.76
want cookies / want cookies and milk									0	0	0	0	0	0	0	0	0	0	0	0	0	0	0
does your child ever talk about something that's going to happen in the future?									0	0	0	0	0		0	0	0	0	0	0	0	0	0
wented									0	0	0	0	0	0	0	0	0	0.01	0.01	0.02	0.01	0.01	0.02
chicken (food)	0	0	0	0.01	0.01	0.01	0.06	0.11	0.08	0.09	0.24	0.3	0.36	0.45	0.54	0.56	0.64	0.72	0.75	0.82	0.9	0.84	0.91
ate									0	0.01	0.04	0.06	0.05	0.09	0.14	0.12	0.22	0.29	0.4	0.37	0.58	0.36	0.6
doggie table / doggie on table									0	0	0	0	0	0	0	0	0	0	0	0	0	0	0
dry (action)									0.01	0.03	0.05	0.09	0.14	0.16	0.25	0.29	0.36	0.47	0.51	0.52	0.73	0.65	0.76
butterfly	0	0	0	0	0	0.01	0.02	0.07	0.08	0.1	0.21	0.28	0.31	0.38	0.45	0.54	0.65	0.69	0.72	0.75	0.89	0.81	0.92
donut									0.03	0.05	0.1	0.12	0.15	0.18	0.26	0.36	0.37	0.46	0.53	0.54	0.68	0.62	0.72
pen	0	0	0.01	0.03	0	0.01	0.02	0.12	0.07	0.1	0.19	0.25	0.3	0.4	0.43	0.53	0.55	0.62	0.68	0.69	0.83	0.73	0.86
puzzle									0.03	0.04	0.15	0.21	0.2	0.26	0.38	0.43	0.57	0.62	0.65	0.71	0.85	0.75	0.88
old	0	0	0	0	0	0	0	0.01	0.01	0.02	0.02	0.03	0.03	0.07	0.12	0.17	0.16	0.25	0.34	0.29	0.5	0.43	0.56
leg	0	0	0	0.01	0.01	0.01	0.01	0.08	0.04	0.09	0.18	0.29	0.27	0.39	0.52	0.59	0.65	0.72	0.78	0.79	0.89	0.85	0.95
yes	0.03	0	0	0.06	0.08	0.12	0.19	0.23	0.35	0.42	0.51	0.59	0.72	0.79	0.81	0.84	0.88	0.9	0.92	0.94	0.96	0.97	0.99
no	0.04	0.04	0.06	0.14	0.23	0.3	0.44	0.55	0.64	0.7	0.78	0.83	0.85	0.89	0.91	0.93	0.95	0.93	0.97	0.95	0.98	0.97	1
park	0	0	0	0.01	0.01	0.01	0.01	0.06	0.07	0.13	0.21	0.29	0.32	0.37	0.53	0.55	0.61	0.67	0.76	0.75	0.85	0.81	0.9
paper	0	0	0	0.01	0	0.01	0.01	0.1	0.08	0.11	0.21	0.31	0.32	0.42	0.52	0.62	0.66	0.71	0.78	0.77	0.9	0.86	0.92
pillow	0	0	0	0.02	0	0.01	0.03	0.08	0.09	0.13	0.23	0.33	0.36	0.43	0.53	0.67	0.66	0.73	0.79	0.82	0.92	0.85	0.94
so big!									0.06	0.08	0.14	0.12	0.19	0.23	0.28	0.37	0.4	0.49	0.55	0.49	0.62	0.6	0.67
tickle	0	0	0	0.02	0.02	0.04	0.04	0.1	0.12	0.14	0.27	0.24	0.3	0.3	0.48	0.54	0.6	0.66	0.68	0.7	0.86	0.75	0.86
ice cream	0	0	0	0.01	0.01	0.01	0.03	0.11	0.1	0.14	0.26	0.36	0.39	0.37	0.6	0.65	0.71	0.78	0.87	0.85	0.93	0.9	0.95
cry	0	0	0.01	0.02	0	0.01	0.02	0.07	0.04	0.09	0.14	0.22	0.3	0.36	0.46	0.55	0.61	0.72	0.82	0.76	0.9	0.85	0.94
teeths									0.01	0.02	0.04	0.07	0.06	0.07	0.13	0.07	0.11	0.11	0.18	0.15	0.16	0.13	0.16
tree	0	0.01	0.01	0.03	0.04	0.04	0.08	0.15	0.21	0.25	0.41	0.49	0.55	0.61	0.67	0.79	0.79	0.82	0.85	0.89	0.94	0.88	0.96
how	0	0	0	0	0	0	0.01	0.01	0.01	0	0.02	0.03	0.04	0.04	0.09	0.14	0.15	0.19	0.32	0.3	0.44	0.41	0.51
sandbox									0.01	0.01	0.08	0.1	0.1	0.13	0.21	0.25	0.32	0.37	0.48	0.52	0.64	0.55	0.68
horse	0	0	0.01	0.01	0.03	0.03	0.08	0.18	0.19	0.2	0.4	0.46	0.49	0.56	0.69	0.75	0.79	0.79	0.88	0.89	0.96	0.91	0.97
full									0.01	0.02	0.05	0.09	0.1	0.1	0.2	0.25	0.34	0.36	0.51	0.52	0.67	0.61	0.75
cup	0	0	0.01	0.03	0.04	0.05	0.1	0.17	0.24	0.3	0.46	0.57	0.6	0.64	0.77	0.79	0.8	0.88	0.91	0.91	0.95	0.91	0.97
sidewalk									0.01	0.01	0.04	0.09	0.09	0.09	0.18	0.24	0.3	0.36	0.41	0.48	0.62	0.57	0.69
hers									0	0.01	0	0.01	0.03	0.02	0.07	0.08	0.1	0.16	0.22	0.21	0.34	0.34	0.41
bad	0	0	0.01	0.03	0.03	0.02	0.06	0.05	0.07	0.07	0.13	0.16	0.21	0.29	0.33	0.42	0.5	0.57	0.67	0.58	0.76	0.69	0.83
snow	0	0	0	0	0	0	0.01	0.01	0.05	0.09	0.15	0.19	0.24	0.3	0.44	0.49	0.49	0.52	0.6	0.67	0.71	0.69	0.8
kitty	0.01	0.03	0.06	0.12	0.16	0.22	0.25	0.36	0.45	0.38	0.6	0.64	0.61	0.69	0.76	0.79	0.79	0.84	0.88	0.84	0.94	0.89	0.94
home	0	0	0	0	0	0.01	0.02	0.12	0.11	0.18	0.31	0.41	0.43	0.48	0.6	0.67	0.72	0.81	0.84	0.85	0.91	0.83	0.93
came									0	0.01	0.01	0.01	0.02	0.01	0.02	0.06	0.06	0.12	0.15	0.14	0.3	0.2	0.32
gum									0.01	0.04	0.08	0.15	0.13	0.16	0.31	0.3	0.34	0.44	0.56	0.54	0.61	0.63	0.69
stand									0.01	0.02	0.06	0.08	0.13	0.2	0.28	0.35	0.37	0.44	0.58	0.54	0.71	0.67	0.77
wait									0.01	0.03	0.07	0.1	0.14	0.18	0.27	0.34	0.37	0.44	0.51	0.55	0.72	0.65	0.77
washing machine									0.01	0.05	0.08	0.1	0.12	0.22	0.28	0.37	0.32	0.4	0.42	0.53	0.6	0.64	0.71
potty	0	0	0	0.01	0.01	0	0.03	0.07	0.11	0.2	0.34	0.47	0.49	0.54	0.65	0.7	0.77	0.8	0.84	0.84	0.93	0.88	0.94
hamburger									0.02	0.05	0.11	0.17	0.2	0.28	0.36	0.44	0.47	0.6	0.7	0.72	0.78	0.77	0.83
where mommy go / where did mommy go									0	0	0	0	0	0	0	0	0	0	0	0	0	0	0
her	0	0	0	0	0	0	0	0.01	0	0	0	0.04	0.03	0.05	0.1	0.16	0.16	0.21	0.32	0.35	0.44	0.45	0.56
mouses									0	0.01	0.01	0.01	0.01	0	0.03	0.04	0.03	0.07	0.08	0.09	0.12	0.04	0.15
I fall down / I fell down									0	0	0	0	0	0	0	0	0	0	0	0	0	0	0
wash	0	0	0	0	0.01	0	0.02	0.04	0.05	0.06	0.15	0.22	0.29	0.33	0.47	0.52	0.6	0.66	0.69	0.65	0.88	0.73	0.89
penis*									0.07	0.08	0.16	0.18	0.22	0.28	0.29	0.43	0.42	0.42	0.48	0.52	0.64	0.51	0.55
snowsuit									0	0.01	0.02	0.02	0.02	0.05	0.08	0.09	0.09	0.14	0.18	0.18	0.26	0.2	0.26
gonna/going to									0.01	0.02	0.04	0.08	0.08	0.09	0.17	0.25	0.29	0.3	0.45	0.45	0.62	0.58	0.69
spaghetti	0	0	0	0.01	0.01	0	0	0.1	0.05	0.08	0.15	0.18	0.23	0.28	0.34	0.46	0.55	0.57	0.69	0.68	0.83	0.75	0.88
garage	0	0	0	0.01	0	0	0	0.02	0.01	0.01	0.05	0.1	0.12	0.18	0.26	0.29	0.38	0.43	0.51	0.55	0.7	0.6	0.74
getted									0	0	0	0	0	0.01	0.02	0	0.01	0.02	0.02	0.03	0.04	0.02	0.04
room									0.03	0.04	0.1	0.18	0.17	0.27	0.35	0.45	0.51	0.58	0.66	0.65	0.83	0.75	0.86
drink (beverage)	0	0	0.01	0.02	0.02	0.05	0.1	0.15	0.18	0.21	0.33	0.41	0.46	0.56	0.65	0.71	0.72	0.74	0.82	0.81	0.92	0.86	0.94
ladder									0.01	0	0.06	0.08	0.09	0.17	0.17	0.32	0.31	0.39	0.48	0.52	0.65	0.55	0.67
shirt	0	0	0	0.01	0	0.01	0.04	0.1	0.09	0.16	0.3	0.37	0.42	0.48	0.65	0.69	0.72	0.75	0.81	0.84	0.93	0.86	0.96
bread	0	0	0	0.01	0.02	0.03	0.11	0.1	0.15	0.14	0.3	0.38	0.41	0.49	0.59	0.64	0.7	0.78	0.79	0.84	0.93	0.9	0.94
pig	0	0	0	0.01	0.02	0.03	0.04	0.16	0.17	0.21	0.37	0.49	0.48	0.5	0.65	0.74	0.77	0.82	0.82	0.8	0.95	0.92	0.95
did/did ya									0.02	0.02	0.04	0.06	0.09	0.06	0.19	0.2	0.24	0.29	0.44	0.51	0.58	0.49	0.68
woof woof	0.07	0.02	0.05	0.17	0.2	0.32	0.45	0.44	0.6	0.63	0.72	0.75	0.74	0.75	0.81	0.85	0.88	0.87	0.9	0.88	0.96	0.91	0.94
dish	0	0	0	0	0	0	0.01	0.06	0.03	0.03	0.1	0.13	0.16	0.19	0.27	0.31	0.32	0.41	0.42	0.53	0.67	0.55	0.67
toe	0	0	0	0.01	0.01	0.02	0.12	0.2	0.18	0.28	0.38	0.47	0.47	0.54	0.61	0.69	0.73	0.74	0.83	0.82	0.92	0.86	0.94
like									0.01	0.01	0.05	0.1	0.12	0.14	0.28	0.34	0.41	0.47	0.58	0.64	0.76	0.7	0.86
salt									0.01	0.01	0.03	0.06	0.09	0.11	0.2	0.17	0.26	0.3	0.35	0.43	0.56	0.5	0.61
street									0.02	0.02	0.07	0.14	0.13	0.21	0.29	0.36	0.43	0.51	0.59	0.58	0.78	0.73	0.85
all gone	0.01	0.01	0.01	0.04	0.06	0.1	0.12	0.24	0.32	0.36	0.49	0.6	0.65	0.63	0.72	0.8	0.82	0.8	0.87	0.84	0.94	0.87	0.93
grass									0.06	0.1	0.19	0.27	0.26	0.37	0.47	0.53	0.59	0.71	0.73	0.71	0.87	0.77	0.92
made									0	0	0.01	0.02	0.03	0.02	0.06	0.1	0.14	0.18	0.32	0.32	0.54	0.33	0.54
shh/shush/hush	0	0.01	0.01	0.03	0.1	0.09	0.2	0.2	0.31	0.47	0.5	0.57	0.62	0.7	0.67	0.77	0.81	0.83	0.89	0.81	0.93	0.89	0.94
out	0	0	0	0.01	0.02	0.03	0.05	0.15	0.18	0.2	0.34	0.35	0.41	0.43	0.61	0.62	0.65	0.68	0.8	0.75	0.86	0.8	0.88
rain	0	0	0.01	0	0	0	0.02	0.07	0.07	0.12	0.25	0.34	0.39	0.41	0.55	0.67	0.7	0.77	0.75	0.87	0.93	0.86	0.96
circus									0	0	0.01	0.01	0.03	0.04	0.09	0.1	0.14	0.18	0.25	0.25	0.37	0.35	0.43
morning	0	0	0	0	0	0	0.01	0.02	0.01	0.03	0.09	0.1	0.14	0.17	0.23	0.3	0.34	0.4	0.49	0.49	0.66	0.64	0.76
dinner	0	0	0	0	0	0.01	0.02	0.03	0.05	0.05	0.13	0.17	0.23	0.32	0.42	0.47	0.53	0.59	0.64	0.67	0.82	0.76	0.86
me	0	0	0	0.03	0.02	0.03	0.08	0.13	0.18	0.21	0.29	0.36	0.41	0.42	0.57	0.59	0.68	0.71	0.74	0.78	0.88	0.82	0.92
buyed									0	0	0.01	0.01	0	0	0.02	0.02	0.03	0.05	0.07	0.1	0.11	0.11	0.18
candy	0	0	0	0.01	0.01	0.01	0.02	0.09	0.07	0.12	0.23	0.33	0.35	0.41	0.5	0.59	0.66	0.75	0.81	0.79	0.92	0.87	0.93
sit									0.11	0.16	0.29	0.38	0.39	0.47	0.59	0.69	0.7	0.75	0.75	0.78	0.91	0.8	0.92
gentle	0	0	0	0	0.01	0.01	0.02	0.01	0.04	0.07	0.11	0.11	0.13	0.14	0.23	0.29	0.33	0.4	0.39	0.39	0.54	0.48	0.62
stairs	0	0	0	0.01	0	0.01	0.02	0.08	0.05	0.06	0.13	0.21	0.19	0.22	0.4	0.38	0.47	0.55	0.64	0.58	0.83	0.66	0.79
vroom	0.05	0.04	0.06	0.08	0.16	0.26	0.34	0.46	0.49	0.46	0.6	0.62	0.57	0.67	0.69	0.72	0.76	0.73	0.72	0.71	0.87	0.73	0.81
will									0.01	0.01	0.01	0.03	0.03	0.02	0.07	0.1	0.11	0.17	0.22	0.27	0.38	0.37	0.5
buy									0.01	0.01	0.04	0.05	0.09	0.1	0.19	0.22	0.29	0.35	0.45	0.49	0.63	0.64	0.73
do									0.05	0.07	0.13	0.19	0.26	0.28	0.4	0.48	0.49	0.54	0.64	0.73	0.79	0.72	0.81
pretend									0	0	0.01	0.02	0.03	0.02	0.06	0.12	0.14	0.16	0.25	0.24	0.42	0.4	0.5
of									0.01	0	0.01	0.03	0.01	0.02	0.04	0.09	0.08	0.14	0.17	0.21	0.29	0.3	0.37
bringed									0	0	0	0	0.01	0	0.01	0.02	0.03	0.04	0.07	0.08	0.11	0.07	0.14
oven	0	0	0	0	0	0	0	0.05	0.01	0.02	0.05	0.13	0.12	0.2	0.26	0.29	0.36	0.4	0.49	0.51	0.66	0.63	0.75
baby want eat / baby want to eat									0	0	0	0	0	0	0	0	0	0	0	0	0	0	0
does your child understand if you ask for something that is not in the room?									0	0	0	0	0	0	0	0	0	0	0	0	0	0	0
arm	0	0	0	0.01	0	0.01	0.02	0.07	0.08	0.18	0.24	0.36	0.38	0.51	0.57	0.7	0.72	0.76	0.81	0.81	0.93	0.89	0.96
baby crying / baby is crying									0	0	0	0	0	0	0	0	0	0	0	0	0	0	0
need/need to									0.01	0.02	0.03	0.07	0.05	0.08	0.16	0.23	0.26	0.3	0.42	0.44	0.58	0.58	0.66
smile	0	0	0	0.02	0	0	0	0.04	0.01	0.02	0.05	0.1	0.11	0.16	0.23	0.3	0.35	0.45	0.45	0.5	0.67	0.65	0.73
police									0.01	0	0.03	0.02	0.04	0.06	0.12	0.17	0.22	0.28	0.39	0.42	0.52	0.48	0.65
hand	0	0	0	0.01	0.01	0.02	0.04	0.14	0.11	0.15	0.29	0.39	0.49	0.57	0.66	0.77	0.74	0.81	0.85	0.89	0.95	0.93	0.95
coat	0	0	0	0.01	0.01	0.01	0.01	0.12	0.09	0.16	0.25	0.36	0.39	0.44	0.57	0.69	0.66	0.68	0.71	0.78	0.82	0.81	0.9
hose									0.03	0.01	0.07	0.1	0.09	0.15	0.22	0.26	0.32	0.4	0.47	0.54	0.67	0.55	0.67
behind									0.01	0.01	0.02	0.03	0.05	0.06	0.09	0.17	0.2	0.26	0.36	0.36	0.49	0.46	0.6
poor									0	0	0.01	0.01	0.02	0.04	0.03	0.07	0.08	0.12	0.14	0.14	0.27	0.23	0.27
that	0	0.01	0.01	0.01	0.05	0.11	0.14	0.24	0.21	0.19	0.2	0.3	0.29	0.32	0.47	0.48	0.52	0.56	0.65	0.68	0.79	0.75	0.83
play pen	0	0	0	0.01	0	0	0	0.03	0.01	0	0.02	0.04	0.04	0.04	0.09	0.09	0.1	0.12	0.2	0.21	0.32	0.24	0.32
grrr	0.1	0.11	0.2	0.13	0.21	0.28	0.38	0.38	0.54	0.57	0.63	0.66	0.66	0.64	0.75	0.79	0.83	0.79	0.86	0.81	0.94	0.83	0.89
penguin	0	0	0	0	0	0	0	0.03	0.02	0.03	0.09	0.13	0.15	0.25	0.27	0.35	0.37	0.4	0.44	0.45	0.67	0.6	0.69
better									0.01	0.03	0.06	0.09	0.1	0.15	0.22	0.25	0.31	0.39	0.52	0.52	0.65	0.58	0.75
put	0	0	0	0	0	0	0	0.03	0.01	0.02	0.05	0.09	0.14	0.14	0.21	0.29	0.35	0.43	0.55	0.48	0.68	0.63	0.73
shoe	0	0	0.01	0.06	0.11	0.13	0.25	0.38	0.51	0.6	0.76	0.83	0.87	0.81	0.92	0.95	0.93	0.94	0.96	0.97	0.98	0.97	0.98
shower									0.05	0.08	0.17	0.24	0.28	0.33	0.45	0.48	0.55	0.61	0.72	0.72	0.83	0.77	0.84
mailman									0.01	0.01	0.04	0.07	0.07	0.12	0.16	0.2	0.23	0.3	0.42	0.46	0.53	0.47	0.64
couch	0	0	0	0	0	0.01	0.02	0.06	0.03	0.05	0.14	0.19	0.23	0.32	0.38	0.47	0.51	0.58	0.65	0.7	0.84	0.75	0.85
milk	0	0	0.01	0.04	0.04	0.09	0.12	0.26	0.34	0.43	0.57	0.72	0.67	0.72	0.79	0.88	0.86	0.87	0.93	0.93	0.97	0.96	0.97
flag									0.03	0.04	0.1	0.16	0.14	0.22	0.26	0.31	0.39	0.49	0.54	0.47	0.71	0.58	0.76
fix									0.01	0.02	0.09	0.13	0.18	0.21	0.33	0.44	0.48	0.56	0.66	0.66	0.83	0.71	0.85
sun	0	0	0	0	0	0	0.02	0.06	0.06	0.1	0.19	0.32	0.32	0.42	0.47	0.55	0.64	0.72	0.72	0.77	0.89	0.83	0.93
long									0	0	0.01	0.03	0.03	0.03	0.08	0.13	0.15	0.21	0.27	0.3	0.45	0.42	0.56
bubbles	0	0	0.01	0.04	0.05	0.08	0.14	0.27	0.36	0.38	0.58	0.63	0.67	0.65	0.79	0.85	0.86	0.89	0.91	0.92	0.97	0.92	0.98
bus	0	0	0	0.01	0.01	0.02	0.06	0.1	0.16	0.2	0.32	0.47	0.46	0.55	0.72	0.77	0.75	0.8	0.82	0.87	0.92	0.9	0.96
tights									0.01	0.01	0.03	0.02	0.06	0.06	0.14	0.11	0.17	0.2	0.31	0.23	0.33	0.33	0.43
night	0	0	0.01	0	0	0.01	0.02	0.05	0.07	0.08	0.17	0.23	0.24	0.31	0.45	0.47	0.51	0.59	0.61	0.61	0.78	0.73	0.84
hammer	0	0	0	0	0.01	0	0.01	0.06	0.03	0.03	0.1	0.17	0.18	0.23	0.3	0.4	0.41	0.45	0.55	0.63	0.73	0.62	0.79
blow	0	0	0	0	0.02	0.01	0.03	0.1	0.07	0.05	0.17	0.24	0.27	0.27	0.43	0.45	0.56	0.63	0.71	0.68	0.86	0.7	0.86
drove									0	0	0.02	0.01	0.01	0.01	0.03	0.03	0.03	0.04	0.08	0.09	0.2	0.13	0.2
pudding									0.01	0.02	0.06	0.07	0.09	0.09	0.18	0.17	0.26	0.31	0.35	0.34	0.54	0.46	0.61
snowman									0.01	0.02	0.04	0.08	0.1	0.17	0.24	0.29	0.32	0.4	0.46	0.5	0.61	0.59	0.75
foots									0	0.01	0.02	0.04	0.02	0.04	0.06	0.07	0.09	0.07	0.17	0.15	0.14	0.1	0.19
mad									0.01	0.02	0.01	0.05	0.06	0.08	0.15	0.21	0.25	0.32	0.39	0.43	0.58	0.54	0.66
bite	0	0	0.01	0.01	0.02	0.02	0.05	0.14	0.13	0.17	0.29	0.36	0.37	0.45	0.59	0.64	0.65	0.72	0.79	0.77	0.91	0.81	0.9
outside	0	0	0.01	0.02	0.01	0.06	0.07	0.2	0.23	0.3	0.43	0.52	0.59	0.62	0.71	0.76	0.76	0.79	0.85	0.87	0.93	0.87	0.95
naughty	0	0	0	0	0	0	0.01	0.03	0.01	0.02	0.05	0.06	0.05	0.05	0.05	0.14	0.16	0.2	0.19	0.27	0.3	0.28	0.34
inside/in	0	0	0	0.01	0.01	0	0.02	0.04	0.07	0.09	0.18	0.25	0.27	0.33	0.46	0.48	0.58	0.61	0.71	0.68	0.85	0.74	0.86
doed									0	0	0.01	0.01	0	0	0.03	0.02	0.05	0.05	0.06	0.05	0.07	0.06	0.1
drank									0	0	0.02	0.02	0.02	0.05	0.07	0.08	0.13	0.17	0.25	0.22	0.42	0.25	0.43
I no do it / I can't do it									0	0	0	0	0	0	0	0	0	0	0	0	0	0	0
gonna get you!									0.08	0.12	0.17	0.22	0.23	0.26	0.33	0.47	0.5	0.56	0.69	0.59	0.78	0.69	0.78
closet									0.01	0.01	0.05	0.11	0.11	0.17	0.27	0.28	0.42	0.44	0.55	0.62	0.74	0.69	0.8
ear	0	0	0	0.01	0.01	0.04	0.11	0.24	0.31	0.45	0.59	0.7	0.7	0.75	0.84	0.92	0.86	0.89	0.92	0.95	0.97	0.95	0.97
egg	0	0	0	0	0.01	0.02	0.06	0.12	0.12	0.16	0.26	0.35	0.41	0.49	0.57	0.64	0.68	0.74	0.79	0.79	0.91	0.83	0.92
these my tooth / these my teeth									0	0	0	0	0	0	0	0	0	0	0	0	0	0	0
tray									0.01	0.01	0.02	0.04	0.05	0.07	0.08	0.11	0.14	0.15	0.19	0.22	0.33	0.32	0.4
dark	0	0	0	0	0	0	0	0.03	0.03	0.04	0.07	0.12	0.15	0.16	0.26	0.38	0.46	0.5	0.56	0.54	0.75	0.65	0.81
holded									0	0	0.01	0	0.01	0	0.01	0.02	0.03	0.02	0.04	0.05	0.07	0.06	0.08
had									0	0	0.01	0.02	0	0	0.05	0.06	0.08	0.11	0.2	0.17	0.34	0.22	0.31
give	0	0	0	0.01	0	0	0	0.03	0.03	0.03	0.06	0.12	0.14	0.17	0.28	0.34	0.42	0.48	0.61	0.58	0.78	0.71	0.79
gotted									0	0	0	0	0	0	0.01	0	0.01	0.02	0.01	0.03	0.02	0.01	0.03
pony	0	0	0	0.01	0	0.01	0.02	0.06	0.03	0.02	0.06	0.12	0.14	0.22	0.28	0.24	0.31	0.34	0.44	0.46	0.59	0.51	0.58
give me five!									0.07	0.11	0.19	0.26	0.31	0.27	0.37	0.37	0.48	0.56	0.58	0.59	0.7	0.68	0.72
lemme/let me									0.01	0.03	0.04	0.07	0.13	0.12	0.24	0.31	0.36	0.43	0.59	0.57	0.71	0.65	0.79
were									0	0	0	0.01	0.02	0	0.03	0.04	0.05	0.08	0.14	0.17	0.23	0.21	0.28
shake									0.01	0.04	0.07	0.12	0.13	0.16	0.25	0.28	0.36	0.36	0.5	0.45	0.63	0.56	0.67
nose	0	0	0	0.03	0.05	0.08	0.18	0.38	0.41	0.47	0.65	0.75	0.76	0.76	0.86	0.9	0.91	0.92	0.93	0.95	0.98	0.95	0.98
lost									0	0.01	0.02	0.03	0.05	0.03	0.11	0.11	0.16	0.21	0.29	0.31	0.54	0.31	0.55
lips									0.02	0.05	0.09	0.14	0.18	0.24	0.36	0.4	0.45	0.53	0.65	0.63	0.77	0.71	0.84
by									0.01	0.03	0.02	0.04	0.06	0.11	0.11	0.2	0.2	0.28	0.35	0.37	0.51	0.44	0.59
this	0	0.02	0.01	0.01	0.03	0.08	0.14	0.16	0.14	0.18	0.19	0.23	0.24	0.3	0.43	0.45	0.46	0.52	0.61	0.61	0.79	0.64	0.79
spossess									0	0	0	0	0	0	0	0	0	0	0	0	0	0	0
get	0	0	0	0.02	0.01	0.01	0.03	0.06	0.06	0.07	0.17	0.22	0.22	0.3	0.44	0.52	0.55	0.61	0.71	0.69	0.87	0.79	0.84
slow									0.01	0.01	0.02	0.06	0.04	0.11	0.1	0.17	0.2	0.28	0.34	0.35	0.54	0.49	0.63
more	0	0	0.01	0.04	0.03	0.09	0.16	0.24	0.3	0.29	0.43	0.51	0.52	0.59	0.7	0.71	0.74	0.77	0.85	0.84	0.93	0.85	0.92
balloon	0	0	0.02	0.05	0.09	0.19	0.32	0.35	0.47	0.4	0.6	0.65	0.69	0.71	0.8	0.84	0.87	0.89	0.91	0.94	0.98	0.93	0.98
teacher	0	0	0	0.01	0	0.01	0	0.02	0.01	0.02	0.05	0.07	0.07	0.09	0.17	0.17	0.29	0.29	0.39	0.39	0.55	0.56	0.65
jar									0.03	0.11	0.13	0.19	0.22	0.31	0.38	0.42	0.31	0.36	0.38	0.47	0.44	0.58	0.57
don't									0.05	0.06	0.09	0.12	0.18	0.19	0.32	0.36	0.42	0.43	0.57	0.6	0.72	0.7	0.72
sleepy	0	0	0	0.01	0	0	0.02	0.03	0.04	0.05	0.1	0.17	0.18	0.24	0.34	0.4	0.46	0.54	0.59	0.57	0.75	0.64	0.76
children									0	0.01	0.02	0.02	0.04	0.02	0.03	0.05	0.1	0.09	0.16	0.14	0.29	0.17	0.34
yesterday									0	0	0.01	0.01	0.01	0.01	0.05	0.09	0.08	0.12	0.15	0.17	0.29	0.27	0.34
pancake									0.05	0.07	0.17	0.23	0.23	0.26	0.41	0.5	0.55	0.58	0.65	0.72	0.8	0.73	0.88
off	0	0	0	0.01	0.01	0.02	0.02	0.09	0.15	0.15	0.34	0.39	0.45	0.46	0.67	0.68	0.71	0.73	0.82	0.82	0.91	0.85	0.93
tomorrow	0	0	0	0	0	0	0	0.01	0.01	0.01	0.03	0.05	0.07	0.05	0.13	0.17	0.21	0.3	0.35	0.41	0.49	0.45	0.59
people	0	0	0	0	0.01	0	0.01	0.05	0.03	0.02	0.09	0.13	0.11	0.13	0.3	0.29	0.33	0.35	0.49	0.55	0.64	0.57	0.72
bowl	0	0	0	0.01	0.01	0.02	0.02	0.1	0.11	0.12	0.26	0.33	0.35	0.42	0.49	0.58	0.64	0.71	0.75	0.76	0.89	0.8	0.95
pencil									0.03	0.03	0.12	0.18	0.18	0.27	0.31	0.35	0.46	0.53	0.61	0.61	0.8	0.72	0.84
bathtub	0	0	0.01	0.02	0.03	0.04	0.09	0.14	0.16	0.16	0.3	0.35	0.39	0.43	0.57	0.62	0.64	0.69	0.81	0.79	0.89	0.79	0.93
tiny									0	0	0.02	0.03	0.04	0.09	0.11	0.15	0.14	0.17	0.26	0.28	0.42	0.38	0.46
can (auxiliary)									0.01	0	0.04	0.07	0.08	0.08	0.2	0.26	0.26	0.36	0.42	0.5	0.63	0.58	0.72
scissors	0	0	0	0	0	0	0	0.03	0.01	0.01	0.06	0.14	0.12	0.19	0.27	0.37	0.41	0.51	0.62	0.59	0.76	0.73	0.82
muffin									0.02	0.04	0.09	0.14	0.21	0.2	0.35	0.33	0.43	0.42	0.51	0.56	0.69	0.67	0.75
monkey	0	0	0	0.01	0.01	0.02	0.03	0.13	0.12	0.2	0.3	0.41	0.43	0.47	0.63	0.68	0.75	0.79	0.85	0.83	0.94	0.85	0.94
feed	0	0	0	0	0	0	0.02	0.02	0.01	0.02	0.05	0.1	0.12	0.12	0.22	0.32	0.33	0.43	0.52	0.54	0.7	0.62	0.75
scarf									0	0	0.03	0.04	0.07	0.09	0.13	0.12	0.15	0.17	0.21	0.21	0.35	0.33	0.42
slipper									0.03	0.02	0.09	0.13	0.14	0.22	0.29	0.36	0.38	0.39	0.52	0.48	0.7	0.57	0.67
lamp	0	0	0	0	0	0	0.01	0.04	0.01	0.02	0.05	0.1	0.14	0.15	0.23	0.26	0.31	0.36	0.4	0.47	0.58	0.5	0.66
lookit / lookit what I got									0	0	0	0	0	0	0	0	0	0	0	0	0	0	0
cereal	0	0	0.01	0.01	0.01	0.02	0.05	0.1	0.11	0.14	0.3	0.37	0.38	0.49	0.51	0.63	0.68	0.74	0.81	0.77	0.92	0.86	0.94
chocolate									0.03	0.04	0.11	0.14	0.21	0.23	0.38	0.41	0.5	0.51	0.59	0.68	0.79	0.74	0.87
it	0	0	0	0.01	0.01	0.01	0.02	0.06	0.06	0.05	0.1	0.15	0.16	0.16	0.32	0.3	0.39	0.42	0.5	0.58	0.71	0.7	0.78
swim	0	0	0	0.01	0	0	0.01	0.04	0.03	0.07	0.14	0.19	0.19	0.27	0.38	0.48	0.52	0.62	0.64	0.63	0.81	0.75	0.87
read me story Mommy / read me a story Mommy									0	0	0	0	0	0	0	0	0	0	0	0	0	0	0
two shoe / two shoes									0	0	0	0	0	0	0	0	0	0	0	0	0	0	0
butter	0	0	0	0	0	0	0.01	0.07	0.04	0.05	0.12	0.19	0.24	0.3	0.42	0.44	0.52	0.6	0.68	0.71	0.82	0.73	0.85
close	0	0	0	0.01	0.01	0	0.02	0.11	0.06	0.06	0.14	0.17	0.25	0.25	0.4	0.45	0.51	0.58	0.66	0.66	0.83	0.78	0.86
church*	0	0	0	0	0	0	0.02	0.03	0.03	0.09	0.12	0.18	0.2	0.23	0.28	0.32	0.38	0.45	0.56	0.46	0.57	0.58	0.69
head	0	0	0	0.01	0	0.02	0.01	0.13	0.12	0.17	0.28	0.41	0.41	0.51	0.61	0.7	0.74	0.75	0.8	0.85	0.93	0.87	0.96
build									0.01	0.01	0.03	0.05	0.07	0.11	0.19	0.28	0.32	0.39	0.48	0.51	0.63	0.63	0.76
sister	0.01	0	0.01	0.04	0.02	0.05	0.04	0.05	0.1	0.14	0.16	0.19	0.23	0.27	0.31	0.33	0.37	0.4	0.52	0.41	0.59	0.52	0.66
a lot									0	0.01	0.02	0.04	0.04	0.05	0.12	0.19	0.18	0.27	0.33	0.4	0.49	0.48	0.59
keys	0	0	0.01	0.05	0.04	0.07	0.18	0.26	0.31	0.21	0.38	0.46	0.44	0.41	0.48	0.49	0.67	0.7	0.83	0.72	0.95	0.67	0.85
night night	0.01	0.01	0.04	0.05	0.14	0.17	0.25	0.38	0.41	0.44	0.59	0.67	0.68	0.76	0.78	0.83	0.82	0.87	0.89	0.88	0.95	0.93	0.97
later	0	0	0	0.02	0	0	0	0.01	0.01	0	0.03	0.09	0.09	0.13	0.2	0.28	0.27	0.34	0.42	0.45	0.63	0.53	0.65
turkey									0.04	0.03	0.09	0.16	0.17	0.22	0.32	0.31	0.4	0.45	0.51	0.5	0.66	0.56	0.72
watch (action)	0	0	0	0	0	0.01	0	0.05	0.02	0.03	0.07	0.12	0.16	0.18	0.32	0.36	0.41	0.48	0.54	0.6	0.74	0.7	0.82
stuck									0.04	0.08	0.13	0.16	0.22	0.23	0.34	0.37	0.45	0.43	0.6	0.57	0.76	0.62	0.73
empty	0	0	0	0	0	0	0	0.04	0.03	0.02	0.1	0.14	0.16	0.21	0.26	0.34	0.38	0.45	0.5	0.52	0.68	0.59	0.75
broken	0	0	0	0	0	0	0	0.04	0.04	0.06	0.13	0.2	0.28	0.33	0.49	0.58	0.61	0.67	0.79	0.73	0.89	0.81	0.93
sitted									0	0	0.01	0	0	0	0.02	0	0.02	0.02	0.05	0.06	0.05	0.05	0.03
drop									0.01	0.03	0.07	0.11	0.13	0.15	0.31	0.36	0.42	0.44	0.61	0.54	0.75	0.66	0.82
motorcycle	0	0	0	0	0	0	0.02	0.04	0.03	0.04	0.1	0.14	0.15	0.25	0.34	0.43	0.44	0.53	0.58	0.65	0.78	0.71	0.8
pretzel									0.04	0.05	0.12	0.17	0.19	0.19	0.33	0.34	0.43	0.44	0.46	0.5	0.75	0.59	0.78
write	0	0	0.01	0	0	0	0	0.02	0.01	0.01	0.05	0.11	0.15	0.19	0.26	0.27	0.37	0.39	0.45	0.52	0.64	0.64	0.71
hat	0	0	0.01	0.05	0.03	0.08	0.16	0.25	0.33	0.37	0.54	0.62	0.68	0.69	0.78	0.85	0.85	0.87	0.92	0.89	0.96	0.93	0.95
vacuum	0	0	0.01	0	0.01	0.01	0	0.07	0.06	0.08	0.18	0.26	0.26	0.32	0.39	0.42	0.49	0.57	0.62	0.69	0.8	0.73	0.83
beads	0	0	0	0	0.01	0.01	0.02	0.06	0.05	0.06	0.09	0.12	0.15	0.18	0.2	0.27	0.28	0.3	0.32	0.3	0.49	0.43	0.58
giraffe	0	0	0	0	0	0.01	0.02	0.03	0.07	0.1	0.17	0.22	0.27	0.28	0.39	0.47	0.57	0.54	0.63	0.65	0.83	0.7	0.84
your	0	0	0	0	0	0	0.01	0.02	0.01	0	0.01	0.03	0.05	0.03	0.1	0.14	0.19	0.23	0.32	0.33	0.53	0.49	0.6
shoeses									0.01	0.01	0.02	0.05	0.03	0.03	0.06	0.05	0.06	0.08	0.09	0.08	0.1	0.06	0.08
listen									0	0.01	0.04	0.06	0.08	0.11	0.16	0.26	0.27	0.32	0.4	0.44	0.58	0.59	0.65
turn around									0.02	0.03	0.07	0.14	0.14	0.16	0.26	0.35	0.41	0.47	0.55	0.56	0.71	0.63	0.77
baa baa	0.19	0.21	0.28	0.28	0.32	0.27	0.38	0.39	0.47	0.57	0.61	0.69	0.7	0.63	0.78	0.77	0.79	0.82	0.83	0.82	0.9	0.86	0.92
drawer	0	0	0	0	0	0	0	0.04	0.02	0.02	0.05	0.09	0.08	0.15	0.18	0.24	0.33	0.34	0.49	0.51	0.64	0.58	0.67
push	0	0	0	0	0.01	0.01	0.02	0.05	0.05	0.05	0.12	0.17	0.24	0.27	0.35	0.45	0.51	0.59	0.66	0.69	0.81	0.78	0.84
none	0	0	0	0	0	0	0.01	0.02	0.01	0.02	0.02	0.05	0.06	0.08	0.12	0.13	0.17	0.19	0.24	0.28	0.36	0.37	0.42
has your child begun to combine word yet?									0	0	0	0	0	0	0	0	0	0	0	0	0	0	0
open	0	0	0	0.01	0.01	0	0.03	0.11	0.12	0.14	0.28	0.38	0.39	0.44	0.62	0.63	0.71	0.76	0.84	0.84	0.92	0.87	0.93
catch									0.02	0.03	0.09	0.11	0.15	0.2	0.29	0.38	0.47	0.54	0.61	0.64	0.77	0.72	0.83
feet									0.1	0.1	0.25	0.26	0.29	0.28	0.32	0.34	0.48	0.51	0.6	0.58	0.79	0.47	0.67
sticky									0.02	0.05	0.09	0.11	0.17	0.18	0.27	0.32	0.4	0.49	0.49	0.53	0.7	0.63	0.79
dog	0	0.03	0.06	0.19	0.26	0.38	0.48	0.55	0.68	0.72	0.78	0.83	0.82	0.85	0.87	0.94	0.92	0.94	0.98	0.96	0.99	0.97	0.96
hide									0.01	0.02	0.07	0.13	0.18	0.22	0.34	0.4	0.46	0.56	0.58	0.59	0.78	0.73	0.82
wind									0.02	0.03	0.1	0.16	0.16	0.21	0.3	0.37	0.4	0.49	0.49	0.62	0.71	0.64	0.76
breakfast	0	0	0	0	0.01	0.01	0.01	0.05	0.06	0.08	0.15	0.21	0.25	0.32	0.42	0.49	0.54	0.62	0.61	0.69	0.82	0.78	0.87
childs									0	0	0	0.01	0	0	0.01	0	0.01	0.01	0	0.01	0.02	0.01	0.02
kiss	0	0	0.01	0.01	0.01	0.02	0.07	0.14	0.13	0.21	0.32	0.41	0.45	0.51	0.62	0.71	0.75	0.82	0.86	0.84	0.94	0.91	0.94
glass	0	0	0	0	0	0	0.01	0.07	0.03	0.04	0.1	0.16	0.18	0.23	0.32	0.37	0.46	0.5	0.64	0.59	0.75	0.65	0.79
brown									0.02	0.01	0.07	0.11	0.1	0.14	0.25	0.33	0.36	0.43	0.46	0.46	0.66	0.56	0.76
gloves									0.01	0.04	0.07	0.1	0.14	0.14	0.25	0.3	0.36	0.41	0.46	0.48	0.62	0.56	0.66
vagina*									0.02	0.03	0.06	0.11	0.1	0.12	0.18	0.16	0.21	0.24	0.29	0.27	0.41	0.36	0.38
toy (object)	0	0.01	0.01	0.01	0	0.02	0.07	0.14	0.13	0.15	0.32	0.42	0.44	0.51	0.58	0.68	0.71	0.78	0.85	0.84	0.94	0.88	0.96
knife									0.02	0.01	0.1	0.14	0.16	0.24	0.38	0.42	0.47	0.56	0.62	0.66	0.8	0.69	0.83
don't read book / don't want you read that book									0	0	0	0	0	0	0	0	0	0	0	0	0	0	0
loud									0.01	0.01	0.05	0.08	0.1	0.16	0.25	0.33	0.37	0.46	0.51	0.51	0.69	0.65	0.82
doggie kiss me / doggie kissed me									0	0	0	0	0	0	0	0	0	0	0	0	0	0	0
sad									0.01	0.03	0.05	0.09	0.13	0.17	0.26	0.34	0.37	0.45	0.45	0.5	0.72	0.67	0.79
clean (description)	0	0	0	0	0	0	0.01	0.04	0.04	0.08	0.16	0.23	0.28	0.33	0.45	0.49	0.58	0.66	0.7	0.68	0.86	0.76	0.91
with									0	0	0.02	0.04	0.03	0.05	0.18	0.18	0.27	0.29	0.45	0.44	0.62	0.53	0.69
stay									0.01	0.02	0.06	0.08	0.11	0.12	0.26	0.36	0.38	0.43	0.55	0.55	0.72	0.64	0.76
soap	0	0	0.01	0	0	0.01	0.02	0.06	0.07	0.1	0.23	0.3	0.36	0.44	0.52	0.57	0.68	0.75	0.75	0.83	0.91	0.83	0.91
break	0	0	0	0.01	0	0	0	0.03	0.02	0.03	0.09	0.13	0.19	0.22	0.39	0.47	0.49	0.57	0.71	0.64	0.84	0.75	0.9
red	0	0	0	0.01	0.01	0	0.02	0.03	0.06	0.09	0.14	0.21	0.26	0.31	0.45	0.51	0.56	0.64	0.68	0.67	0.83	0.78	0.88
bib	0	0	0.01	0.02	0.01	0.02	0.04	0.14	0.13	0.16	0.3	0.3	0.34	0.36	0.5	0.5	0.57	0.62	0.68	0.63	0.8	0.64	0.76
swing (action)	0	0	0	0	0.01	0.01	0.02	0.07	0.1	0.11	0.21	0.33	0.31	0.38	0.55	0.59	0.62	0.67	0.74	0.71	0.86	0.81	0.89
eated									0	0.01	0.01	0.01	0.02	0	0.03	0.02	0.04	0.04	0.08	0.08	0.08	0.07	0.13
losted									0	0	0	0.01	0	0	0.01	0.01	0.02	0.01	0.02	0.02	0.02	0.01	0.03
bird	0.04	0	0.02	0.09	0.1	0.18	0.25	0.35	0.48	0.47	0.63	0.66	0.76	0.7	0.8	0.84	0.88	0.91	0.95	0.94	0.97	0.93	0.97
woods									0.01	0.01	0.01	0.02	0.02	0.07	0.06	0.09	0.08	0.15	0.19	0.23	0.27	0.26	0.37
draw	0	0	0	0	0	0	0.01	0.03	0.02	0.03	0.09	0.16	0.14	0.26	0.32	0.37	0.46	0.52	0.57	0.59	0.76	0.69	0.83
ed									0	0	0	0	0	0	0	0	0	0	0	0	0	0	0
before									0	0	0.01	0	0.01	0.03	0.05	0.08	0.08	0.13	0.22	0.17	0.29	0.3	0.4
chalk									0.02	0.03	0.07	0.12	0.11	0.19	0.28	0.29	0.36	0.39	0.41	0.47	0.64	0.54	0.69
some	0	0	0.01	0.03	0	0.01	0.01	0.04	0.03	0.03	0.09	0.12	0.14	0.18	0.29	0.29	0.38	0.41	0.58	0.58	0.72	0.66	0.78
then									0	0	0	0.01	0.02	0.02	0.03	0.06	0.06	0.12	0.2	0.21	0.28	0.24	0.34
fish (animal)	0	0	0.01	0.03	0.07	0.09	0.19	0.19	0.3	0.35	0.54	0.59	0.59	0.65	0.76	0.82	0.83	0.88	0.91	0.9	0.97	0.94	0.97
climb									0.02	0.04	0.07	0.13	0.15	0.18	0.34	0.37	0.45	0.52	0.57	0.57	0.76	0.7	0.81
where	0	0	0	0.01	0.02	0.01	0.01	0.02	0.05	0.07	0.09	0.12	0.16	0.15	0.31	0.41	0.46	0.5	0.59	0.61	0.78	0.68	0.82
shorts	0	0	0	0.01	0.01	0	0.02	0.06	0.04	0.05	0.11	0.16	0.18	0.23	0.33	0.43	0.47	0.55	0.65	0.71	0.82	0.73	0.81
shoulder									0.01	0.01	0.03	0.11	0.11	0.16	0.24	0.28	0.34	0.4	0.49	0.49	0.62	0.55	0.7
snack									0.05	0.12	0.2	0.22	0.29	0.33	0.4	0.55	0.57	0.61	0.66	0.67	0.8	0.78	0.88
duck	0.01	0.02	0.03	0.07	0.12	0.22	0.22	0.38	0.48	0.52	0.61	0.67	0.72	0.67	0.81	0.85	0.88	0.88	0.95	0.93	0.98	0.91	0.97
myself									0	0	0.01	0.01	0.03	0.02	0.13	0.14	0.14	0.19	0.26	0.26	0.41	0.35	0.47
table	0	0	0	0	0.01	0	0.02	0.09	0.04	0.06	0.16	0.26	0.27	0.31	0.47	0.52	0.59	0.68	0.71	0.74	0.88	0.82	0.91
peas	0	0	0.01	0	0.01	0.02	0.04	0.12	0.12	0.09	0.21	0.29	0.28	0.31	0.37	0.47	0.53	0.54	0.65	0.61	0.73	0.65	0.81
turtle	0	0	0.01	0	0.01	0.02	0.01	0.1	0.11	0.13	0.25	0.34	0.35	0.4	0.47	0.59	0.66	0.69	0.69	0.7	0.88	0.82	0.91
comed									0	0	0	0.01	0.01	0	0.01	0.01	0.01	0.02	0.03	0.03	0.04	0.03	0.04
taked									0	0	0.01	0.01	0.01	0	0.03	0.01	0.02	0.03	0.05	0.06	0.1	0.04	0.09
other	0	0	0	0	0	0	0	0.02	0.01	0	0.03	0.03	0.05	0.08	0.19	0.18	0.23	0.27	0.41	0.38	0.53	0.43	0.56
beach	0	0	0	0	0	0	0.01	0.06	0.05	0.03	0.07	0.15	0.19	0.2	0.27	0.29	0.29	0.41	0.49	0.59	0.68	0.59	0.71
when	0	0	0	0	0	0	0	0.01	0	0	0.01	0.02	0.01	0	0.05	0.06	0.09	0.13	0.26	0.24	0.32	0.35	0.41
donkey	0	0	0.01	0	0.01	0.01	0	0.01	0.03	0.04	0.07	0.12	0.13	0.2	0.25	0.28	0.32	0.32	0.36	0.42	0.58	0.43	0.52
wake									0.01	0.01	0.04	0.06	0.1	0.13	0.23	0.24	0.34	0.43	0.49	0.53	0.7	0.63	0.77
who	0	0	0	0.02	0	0.01	0.02	0.02	0.03	0.04	0.03	0.06	0.07	0.06	0.17	0.22	0.25	0.28	0.45	0.52	0.57	0.54	0.68
their									0	0	0	0.01	0.02	0.02	0.04	0.06	0.06	0.1	0.18	0.18	0.26	0.29	0.29
meat	0	0	0.01	0.01	0	0.01	0.02	0.07	0.04	0.06	0.11	0.17	0.23	0.24	0.29	0.36	0.45	0.48	0.61	0.55	0.7	0.6	0.74
orange (description)									0.04	0.07	0.12	0.22	0.25	0.32	0.4	0.5	0.53	0.58	0.68	0.69	0.82	0.76	0.86
goed									0	0	0.01	0.01	0	0	0.01	0.03	0.04	0.04	0.07	0.05	0.1	0.06	0.13
he									0	0	0.02	0.04	0.06	0.09	0.19	0.21	0.23	0.25	0.4	0.47	0.59	0.57	0.68
cow	0	0	0	0.01	0.01	0.03	0.06	0.16	0.22	0.29	0.47	0.53	0.54	0.54	0.7	0.79	0.8	0.83	0.88	0.84	0.96	0.89	0.95
vanilla									0	0	0.02	0.03	0.05	0.05	0.08	0.09	0.12	0.19	0.19	0.3	0.35	0.35	0.45
rooster	0	0	0	0	0	0.01	0.02	0.04	0.02	0.02	0.05	0.09	0.11	0.15	0.21	0.24	0.32	0.35	0.44	0.48	0.62	0.44	0.61
today	0	0	0	0	0	0	0	0.01	0.01	0	0.02	0.03	0.04	0.04	0.14	0.18	0.21	0.24	0.35	0.41	0.47	0.45	0.63
bicycle	0	0	0	0.01	0.02	0.02	0.03	0.16	0.13	0.15	0.29	0.41	0.4	0.51	0.6	0.67	0.69	0.76	0.81	0.84	0.92	0.89	0.96
nurse									0.01	0.01	0.01	0.02	0.04	0.05	0.08	0.08	0.1	0.14	0.21	0.19	0.3	0.26	0.39
we made this / me and Paul made this									0	0	0	0	0	0	0	0	0	0	0	0	0	0	0
wanna/want to									0.06	0.04	0.1	0.17	0.19	0.22	0.35	0.44	0.48	0.51	0.69	0.66	0.79	0.7	0.8
jeans	0	0	0	0.01	0.01	0	0	0.04	0.02	0.03	0.05	0.09	0.12	0.17	0.22	0.24	0.34	0.37	0.41	0.43	0.6	0.54	0.65
animal	0.01	0	0.01	0.01	0.01	0.01	0	0.05	0.05	0.07	0.14	0.22	0.26	0.31	0.44	0.49	0.56	0.55	0.66	0.7	0.81	0.73	0.83
want more juice / want juice in there									0	0	0	0	0	0	0	0	0	0	0	0	0	0	0
daddy car / daddy's car									0	0	0	0	0	0	0	0	0	0	0	0	0	0	0
you	0	0	0.01	0.01	0.01	0.01	0.02	0.07	0.08	0.08	0.15	0.22	0.24	0.27	0.4	0.47	0.54	0.62	0.66	0.71	0.84	0.76	0.89
lion	0	0	0	0	0	0.01	0.04	0.07	0.09	0.11	0.2	0.28	0.32	0.35	0.48	0.58	0.65	0.69	0.71	0.75	0.9	0.83	0.92
good	0.01	0	0.01	0.02	0.01	0.02	0.03	0.08	0.08	0.13	0.18	0.25	0.28	0.3	0.42	0.44	0.55	0.63	0.74	0.69	0.83	0.79	0.88
boat									0.18	0.22	0.4	0.48	0.52	0.51	0.68	0.72	0.75	0.79	0.85	0.86	0.95	0.86	0.95
flied									0	0	0	0	0	0	0	0.01	0.02	0.03	0.02	0.03	0.06	0.03	0.04
stop	0	0	0.01	0.03	0.02	0.02	0.04	0.13	0.09	0.14	0.2	0.26	0.33	0.42	0.54	0.6	0.66	0.73	0.79	0.75	0.91	0.84	0.91
on	0	0	0	0	0.01	0.01	0.03	0.09	0.14	0.17	0.3	0.34	0.42	0.47	0.63	0.67	0.71	0.72	0.8	0.83	0.92	0.83	0.92
car	0	0	0	0.03	0.05	0.1	0.17	0.3	0.39	0.47	0.66	0.75	0.73	0.78	0.86	0.91	0.91	0.94	0.92	0.95	0.98	0.97	0.99
uncle	0	0.01	0	0.02	0	0.01	0.03	0.03	0.03	0.04	0.12	0.14	0.17	0.21	0.33	0.35	0.42	0.5	0.56	0.55	0.69	0.62	0.75
sheep	0	0	0	0.01	0	0.01	0	0.05	0.08	0.11	0.22	0.32	0.32	0.35	0.45	0.52	0.6	0.66	0.7	0.68	0.85	0.72	0.85
breaked									0	0	0.01	0.02	0.01	0.01	0.06	0.03	0.06	0.05	0.09	0.08	0.13	0.1	0.13
blowed									0	0	0	0	0.01	0.01	0.04	0.04	0.11	0.09	0.11	0.17	0.24	0.16	0.28
soup									0.04	0.05	0.14	0.18	0.28	0.29	0.41	0.47	0.48	0.56	0.58	0.65	0.76	0.69	0.81
not	0	0	0	0.01	0.01	0.01	0.01	0.02	0.02	0.01	0.03	0.05	0.1	0.08	0.17	0.22	0.27	0.32	0.41	0.47	0.64	0.56	0.67
lamb	0	0	0	0	0	0.01	0.02	0.05	0.04	0.03	0.11	0.13	0.13	0.18	0.23	0.35	0.4	0.43	0.52	0.47	0.67	0.46	0.66
crayon									0.05	0.09	0.22	0.29	0.31	0.35	0.53	0.52	0.66	0.71	0.73	0.76	0.88	0.8	0.94
hurry	0	0	0	0	0	0	0	0.02	0.02	0.01	0.05	0.07	0.09	0.13	0.2	0.21	0.31	0.38	0.5	0.43	0.68	0.56	0.72
cook									0.03	0.04	0.12	0.14	0.21	0.26	0.3	0.42	0.49	0.56	0.61	0.61	0.78	0.72	0.81
work (action)									0.04	0.03	0.12	0.14	0.21	0.21	0.36	0.43	0.5	0.55	0.67	0.65	0.81	0.7	0.85
play dough									0.01	0.03	0.07	0.08	0.12	0.18	0.26	0.29	0.37	0.45	0.46	0.5	0.65	0.59	0.73
throw	0	0	0	0	0.01	0	0.02	0.05	0.04	0.06	0.14	0.16	0.19	0.23	0.38	0.48	0.54	0.61	0.66	0.69	0.83	0.76	0.88
moo	0.01	0.02	0.04	0.06	0.06	0.2	0.28	0.29	0.55	0.61	0.71	0.76	0.78	0.76	0.85	0.91	0.9	0.9	0.92	0.9	0.97	0.93	0.97
this little piggy									0.04	0.04	0.11	0.13	0.15	0.18	0.23	0.32	0.4	0.43	0.45	0.52	0.68	0.58	0.71
potato									0.03	0.06	0.11	0.17	0.2	0.22	0.41	0.41	0.47	0.51	0.58	0.61	0.78	0.73	0.78
water (beverage)	0	0	0.02	0.02	0.07	0.09	0.13	0.2	0.3	0.32	0.48	0.58	0.63	0.62	0.75	0.8	0.84	0.86	0.89	0.95	0.95	0.92	0.95
bucket									0.03	0.05	0.09	0.17	0.14	0.24	0.28	0.36	0.41	0.48	0.52	0.54	0.72	0.63	0.78
am									0	0	0.02	0.04	0.05	0.07	0.11	0.16	0.19	0.23	0.35	0.4	0.48	0.47	0.58
bought									0	0	0.01	0.01	0.01	0	0.03	0.04	0.06	0.07	0.15	0.16	0.29	0.2	0.34
those									0.01	0.01	0.03	0.03	0.04	0.03	0.09	0.14	0.16	0.16	0.3	0.27	0.44	0.41	0.49
living room	0	0	0	0	0	0	0	0.03	0.01	0.01	0.04	0.07	0.08	0.1	0.2	0.28	0.28	0.37	0.49	0.49	0.62	0.59	0.71
strawberry									0.06	0.09	0.17	0.21	0.26	0.35	0.43	0.51	0.54	0.61	0.68	0.65	0.8	0.8	0.86
drive	0	0	0	0	0	0	0.01	0.03	0.02	0.03	0.09	0.14	0.16	0.24	0.34	0.45	0.49	0.56	0.62	0.66	0.82	0.75	0.85
brush	0	0	0	0.02	0.01	0.03	0.09	0.11	0.17	0.15	0.32	0.36	0.4	0.44	0.58	0.64	0.69	0.7	0.74	0.79	0.9	0.82	0.92
happy	0	0	0	0.02	0.01	0.01	0.02	0.07	0.07	0.1	0.18	0.23	0.3	0.29	0.41	0.49	0.55	0.6	0.59	0.69	0.79	0.74	0.87
pattycake	0	0	0.02	0.04	0.05	0.04	0.06	0.14	0.08	0.13	0.18	0.23	0.26	0.3	0.35	0.38	0.45	0.5	0.57	0.59	0.73	0.62	0.73
sandwich									0.02	0.03	0.1	0.18	0.19	0.23	0.37	0.44	0.5	0.56	0.61	0.72	0.85	0.79	0.88
medicine	0	0	0	0	0.01	0	0	0.05	0.04	0.05	0.14	0.22	0.22	0.29	0.38	0.46	0.55	0.62	0.71	0.68	0.84	0.75	0.87
foot	0	0.01	0	0.01	0.02	0.02	0.06	0.17	0.14	0.15	0.39	0.44	0.46	0.48	0.63	0.71	0.76	0.84	0.87	0.91	0.95	0.9	0.97
under	0	0	0	0	0	0	0	0.02	0.01	0.01	0.04	0.09	0.1	0.13	0.2	0.28	0.34	0.44	0.48	0.5	0.7	0.61	0.77
telephone	0	0	0.01	0.01	0.02	0.02	0.1	0.16	0.16	0.16	0.32	0.4	0.49	0.54	0.65	0.67	0.72	0.81	0.83	0.87	0.95	0.89	0.96
picture	0	0	0	0.01	0	0.01	0.01	0.07	0.04	0.05	0.18	0.22	0.22	0.28	0.41	0.47	0.56	0.64	0.69	0.72	0.85	0.8	0.89
I want that / I want that one you got									0	0	0	0	0	0	0	0	0	0	0	0	0	0	0
does your child ever talk about past events or people who are not present?									0	0	0	0	0	0	0	0	0	0	0	0	0	0	0
doctor									0.03	0.05	0.15	0.19	0.24	0.26	0.34	0.39	0.51	0.56	0.64	0.72	0.79	0.76	0.88
kitty go away / kitty went away									0	0	0	0	0	0	0	0	0	0	0	0	0	0	0
apple	0	0	0	0.01	0.02	0.08	0.11	0.21	0.33	0.43	0.58	0.62	0.68	0.72	0.85	0.88	0.87	0.89	0.92	0.95	0.98	0.95	0.97
hungry	0	0	0	0.01	0	0.01	0.02	0.03	0.05	0.07	0.15	0.18	0.24	0.29	0.38	0.47	0.53	0.58	0.69	0.73	0.82	0.77	0.89
held									0	0	0.01	0.01	0.01	0	0.02	0.03	0.03	0.05	0.11	0.1	0.16	0.15	0.18
got									0.01	0	0.03	0.05	0.07	0.08	0.12	0.15	0.24	0.26	0.35	0.32	0.62	0.39	0.55
jump	0	0	0	0	0	0	0	0.09	0.05	0.09	0.19	0.24	0.3	0.39	0.53	0.6	0.65	0.7	0.74	0.75	0.89	0.84	0.94
game									0.01	0.03	0.06	0.12	0.12	0.19	0.29	0.29	0.41	0.43	0.46	0.58	0.74	0.68	0.82
think									0	0	0.02	0.01	0.03	0.04	0.08	0.09	0.13	0.18	0.23	0.26	0.43	0.37	0.51
new									0.01	0.01	0.03	0.05	0.08	0.09	0.15	0.24	0.26	0.35	0.41	0.41	0.59	0.48	0.68
windy									0.02	0.02	0.06	0.11	0.12	0.11	0.23	0.27	0.33	0.42	0.45	0.51	0.61	0.57	0.71
next to									0	0	0.01	0.02	0.03	0.04	0.05	0.09	0.1	0.17	0.26	0.25	0.38	0.31	0.45
I	0.01	0	0.01	0	0.01	0.02	0.02	0.04	0.1	0.11	0.18	0.24	0.24	0.33	0.39	0.48	0.56	0.61	0.63	0.66	0.82	0.8	0.88
dirty	0	0	0.01	0.01	0.01	0.02	0.02	0.12	0.1	0.1	0.23	0.33	0.39	0.47	0.58	0.62	0.69	0.72	0.82	0.77	0.91	0.83	0.95
too									0.01	0.04	0.07	0.12	0.17	0.18	0.29	0.34	0.42	0.44	0.59	0.66	0.74	0.62	0.78
zipper	0	0	0	0.01	0.01	0.01	0	0.04	0.03	0.05	0.15	0.24	0.23	0.29	0.38	0.46	0.51	0.59	0.64	0.61	0.77	0.67	0.82
cold	0	0	0	0	0	0.02	0.03	0.13	0.13	0.19	0.33	0.44	0.47	0.52	0.67	0.71	0.77	0.82	0.84	0.82	0.94	0.87	0.95
cheese	0	0	0.01	0.05	0.08	0.09	0.18	0.32	0.36	0.41	0.57	0.64	0.69	0.67	0.78	0.83	0.87	0.86	0.92	0.93	0.96	0.92	0.97
gas station									0	0	0.03	0.03	0.05	0.06	0.14	0.16	0.2	0.26	0.35	0.37	0.56	0.56	0.64
doll	0	0.01	0.02	0.04	0.02	0.06	0.16	0.17	0.18	0.22	0.35	0.39	0.45	0.47	0.58	0.57	0.64	0.68	0.75	0.74	0.86	0.76	0.88
dress (object)	0	0	0	0.01	0	0.01	0.02	0.06	0.05	0.05	0.1	0.17	0.2	0.25	0.35	0.41	0.48	0.48	0.62	0.57	0.74	0.66	0.8
toothbrush	0	0	0	0	0.01	0.01	0.08	0.11	0.12	0.16	0.33	0.37	0.44	0.47	0.6	0.7	0.72	0.77	0.78	0.85	0.94	0.87	0.95
yourself									0	0	0	0	0.01	0.01	0.02	0.04	0.04	0.06	0.12	0.15	0.21	0.21	0.23
sleep	0	0	0	0.01	0	0.01	0.03	0.04	0.05	0.09	0.17	0.27	0.32	0.38	0.51	0.62	0.64	0.74	0.78	0.8	0.91	0.84	0.92
drink (action)	0	0	0.01	0.02	0.02	0.02	0.06	0.09	0.15	0.18	0.33	0.41	0.44	0.51	0.66	0.69	0.77	0.77	0.84	0.81	0.92	0.85	0.93
stove	0	0	0	0	0	0	0	0.06	0.02	0.07	0.1	0.17	0.19	0.26	0.37	0.41	0.38	0.44	0.51	0.61	0.65	0.67	0.72
melon									0.03	0.02	0.08	0.11	0.16	0.21	0.22	0.3	0.31	0.35	0.46	0.46	0.56	0.46	0.62
money	0	0	0	0.01	0	0.01	0.01	0.11	0.06	0.08	0.16	0.27	0.31	0.37	0.43	0.55	0.59	0.65	0.78	0.75	0.9	0.79	0.89
dryer									0.01	0.01	0.05	0.09	0.07	0.1	0.17	0.23	0.27	0.33	0.42	0.42	0.61	0.52	0.66
dry (description)	0	0	0	0	0	0	0	0.02	0.02	0.03	0.08	0.11	0.14	0.19	0.28	0.34	0.39	0.48	0.52	0.53	0.76	0.66	0.81
help	0	0	0	0	0	0.01	0.01	0.06	0.07	0.11	0.21	0.3	0.32	0.38	0.53	0.59	0.66	0.74	0.76	0.8	0.9	0.87	0.88
potato chip									0.04	0.08	0.18	0.23	0.24	0.32	0.35	0.46	0.51	0.61	0.69	0.64	0.84	0.73	0.86
all	0	0	0	0	0	0.01	0.01	0.05	0.06	0.04	0.09	0.12	0.12	0.12	0.26	0.29	0.39	0.39	0.51	0.57	0.69	0.64	0.74
mens									0	0	0	0	0	0	0.01	0	0.01	0.02	0.03	0.04	0.04	0.03	0.04
last									0	0	0.01	0.03	0.02	0.03	0.07	0.09	0.08	0.17	0.2	0.21	0.33	0.32	0.41
girl	0	0	0	0	0.01	0.01	0.05	0.1	0.07	0.09	0.2	0.29	0.3	0.35	0.45	0.5	0.53	0.59	0.65	0.67	0.82	0.75	0.86
up	0.03	0	0.02	0.03	0.07	0.12	0.16	0.33	0.37	0.38	0.51	0.53	0.58	0.6	0.74	0.72	0.75	0.77	0.82	0.81	0.91	0.87	0.91
garbage									0.03	0.07	0.1	0.17	0.22	0.23	0.28	0.4	0.4	0.46	0.54	0.59	0.66	0.61	0.71
pretty	0	0	0	0.02	0.02	0.04	0.04	0.15	0.1	0.11	0.19	0.26	0.26	0.35	0.46	0.45	0.51	0.54	0.58	0.61	0.79	0.72	0.82
hate									0	0	0	0.01	0.01	0	0.05	0.06	0.05	0.1	0.19	0.15	0.22	0.2	0.27
cloud									0.03	0.03	0.11	0.19	0.18	0.25	0.35	0.39	0.46	0.48	0.55	0.61	0.76	0.68	0.81
baby crying / baby crying cuz she's sad									0	0	0	0	0	0	0	0	0	0	0	0	0	0	0
go bye-bye / wanna go bye-bye									0	0	0	0	0	0	0	0	0	0	0	0	0	0	0
dump									0.01	0.01	0.03	0.06	0.09	0.06	0.13	0.23	0.22	0.26	0.29	0.35	0.45	0.45	0.53
go	0	0	0	0.03	0.04	0.06	0.08	0.22	0.25	0.34	0.45	0.56	0.59	0.67	0.72	0.8	0.82	0.85	0.88	0.87	0.95	0.93	0.96
pumpkin									0.04	0.05	0.14	0.18	0.2	0.25	0.32	0.39	0.48	0.47	0.56	0.57	0.74	0.65	0.81
lady	0	0	0	0	0	0	0	0.03	0.02	0.01	0.07	0.09	0.15	0.15	0.22	0.27	0.3	0.35	0.45	0.48	0.6	0.46	0.61
spill									0.01	0.01	0.04	0.08	0.12	0.17	0.25	0.3	0.33	0.43	0.56	0.51	0.71	0.67	0.81
was									0	0	0.01	0.01	0.01	0.01	0.06	0.08	0.08	0.15	0.21	0.23	0.34	0.32	0.45
lawn mower									0.03	0.04	0.12	0.13	0.16	0.22	0.28	0.36	0.35	0.43	0.49	0.55	0.63	0.55	0.69
I make tower / I making tower									0	0	0	0	0	0	0	0	0	0	0	0	0	0	0
corn									0.05	0.08	0.17	0.24	0.27	0.3	0.44	0.48	0.55	0.6	0.72	0.73	0.84	0.75	0.88
hard	0	0	0	0	0	0	0	0.01	0.01	0.01	0.04	0.07	0.08	0.08	0.16	0.2	0.3	0.34	0.44	0.42	0.62	0.56	0.69
big	0	0	0	0.01	0.01	0.01	0.05	0.1	0.08	0.1	0.23	0.29	0.35	0.43	0.58	0.63	0.67	0.74	0.86	0.79	0.91	0.82	0.94
quiet									0.01	0.01	0.04	0.06	0.11	0.17	0.23	0.34	0.36	0.41	0.5	0.49	0.71	0.61	0.74
fell									0.01	0.02	0.07	0.1	0.12	0.12	0.19	0.19	0.29	0.34	0.51	0.38	0.68	0.41	0.62
noisy									0.01	0.02	0.03	0.08	0.09	0.11	0.17	0.24	0.23	0.33	0.44	0.36	0.58	0.49	0.61
grapes									0.09	0.15	0.29	0.37	0.41	0.45	0.59	0.63	0.69	0.73	0.79	0.83	0.9	0.86	0.95
bedroom	0	0	0	0	0	0	0	0.03	0.02	0.04	0.09	0.15	0.15	0.22	0.33	0.4	0.46	0.52	0.57	0.64	0.8	0.7	0.85
pajamas	0	0	0	0.01	0	0.01	0.04	0.06	0.06	0.08	0.2	0.23	0.3	0.34	0.45	0.61	0.61	0.7	0.73	0.77	0.87	0.83	0.92
tape									0.02	0.01	0.09	0.13	0.14	0.18	0.25	0.34	0.41	0.45	0.56	0.59	0.73	0.64	0.77
down	0	0.01	0.03	0.04	0.04	0.07	0.11	0.23	0.29	0.36	0.47	0.54	0.52	0.57	0.7	0.74	0.74	0.8	0.86	0.79	0.93	0.87	0.93
broke									0.03	0.03	0.1	0.12	0.18	0.2	0.29	0.28	0.43	0.42	0.59	0.49	0.77	0.48	0.68
door	0	0	0	0.01	0.02	0.03	0.12	0.17	0.23	0.27	0.39	0.48	0.52	0.59	0.71	0.75	0.79	0.84	0.86	0.92	0.95	0.91	0.96
sick	0	0	0	0	0	0	0	0.02	0.01	0.01	0.03	0.07	0.12	0.17	0.22	0.29	0.34	0.41	0.52	0.57	0.73	0.66	0.77
knee	0	0	0	0	0	0.01	0.02	0.1	0.1	0.13	0.24	0.34	0.34	0.41	0.53	0.6	0.67	0.73	0.76	0.73	0.87	0.79	0.91
be									0.01	0.02	0.01	0.03	0.04	0.06	0.09	0.13	0.15	0.2	0.31	0.3	0.38	0.37	0.46
try/try to									0	0.01	0.04	0.05	0.07	0.1	0.19	0.23	0.26	0.27	0.36	0.43	0.54	0.52	0.64
above									0	0.01	0.01	0.01	0.03	0.03	0.05	0.07	0.08	0.14	0.16	0.19	0.24	0.26	0.3
cake	0	0.01	0	0.01	0	0.01	0.01	0.12	0.08	0.1	0.25	0.32	0.36	0.4	0.58	0.64	0.76	0.77	0.81	0.84	0.92	0.89	0.93
talk									0.01	0.03	0.08	0.1	0.12	0.13	0.26	0.34	0.39	0.45	0.55	0.58	0.75	0.72	0.81
over									0.01	0.01	0.04	0.06	0.08	0.1	0.22	0.28	0.28	0.36	0.46	0.49	0.67	0.59	0.71
chin									0.05	0.05	0.19	0.28	0.29	0.34	0.49	0.5	0.56	0.61	0.72	0.7	0.83	0.8	0.84
brother	0.01	0.01	0.02	0.04	0.02	0.04	0.09	0.1	0.07	0.13	0.14	0.18	0.18	0.26	0.26	0.34	0.35	0.39	0.51	0.48	0.61	0.56	0.64
squirrel	0	0.01	0	0.04	0.02	0.05	0.1	0.16	0.05	0.06	0.17	0.2	0.24	0.27	0.35	0.42	0.49	0.55	0.58	0.64	0.75	0.73	0.8
yogurt									0.08	0.15	0.28	0.33	0.34	0.38	0.53	0.54	0.57	0.61	0.62	0.71	0.75	0.74	0.87
pull	0	0	0	0	0	0	0	0.05	0.03	0.04	0.06	0.12	0.13	0.2	0.27	0.33	0.39	0.47	0.59	0.54	0.73	0.67	0.76
window	0	0	0	0.01	0	0.01	0.01	0.08	0.04	0.05	0.11	0.2	0.23	0.21	0.3	0.36	0.48	0.53	0.64	0.65	0.84	0.72	0.82
slide (action)									0.05	0.07	0.14	0.22	0.26	0.3	0.42	0.46	0.56	0.61	0.65	0.66	0.81	0.72	0.86
babysitter's name	0	0	0.01	0	0.04	0.06	0.05	0.06	0.19	0.2	0.25	0.3	0.31	0.33	0.41	0.46	0.48	0.48	0.6	0.61	0.68	0.59	0.72
mans									0	0	0.01	0.03	0.02	0.01	0.05	0.06	0.07	0.07	0.15	0.13	0.14	0.12	0.19
see	0	0	0.01	0.01	0.04	0.03	0.1	0.14	0.11	0.12	0.23	0.3	0.28	0.4	0.5	0.59	0.64	0.72	0.79	0.74	0.87	0.82	0.88
owl	0	0	0.01	0	0.01	0.02	0.03	0.05	0.13	0.15	0.24	0.33	0.34	0.36	0.49	0.48	0.54	0.6	0.65	0.62	0.83	0.68	0.8
soft	0	0	0	0	0	0	0.01	0.03	0.03	0.04	0.13	0.14	0.15	0.19	0.26	0.35	0.42	0.47	0.51	0.55	0.72	0.62	0.77
time									0	0	0.02	0.02	0.05	0.07	0.08	0.1	0.1	0.18	0.21	0.27	0.38	0.35	0.47
camed									0	0	0	0	0	0	0.01	0	0	0.01	0.01	0.03	0.02	0.02	0.02
wolf									0.02	0.01	0.08	0.06	0.09	0.11	0.12	0.23	0.28	0.32	0.39	0.39	0.57	0.43	0.58
ankle									0	0.01	0.04	0.07	0.08	0.12	0.12	0.18	0.19	0.25	0.29	0.3	0.49	0.36	0.51
mices									0	0	0	0	0	0	0.01	0	0.01	0.01	0.02	0.01	0.03	0.02	0.02
tricycle									0.01	0.03	0.04	0.05	0.09	0.1	0.2	0.17	0.26	0.31	0.35	0.38	0.5	0.42	0.57
truck	0	0	0	0	0.02	0.05	0.11	0.23	0.29	0.33	0.51	0.58	0.62	0.65	0.78	0.8	0.85	0.87	0.92	0.91	0.97	0.93	0.97
bug	0	0	0	0.02	0.01	0.02	0.05	0.11	0.14	0.18	0.35	0.41	0.45	0.5	0.59	0.69	0.73	0.75	0.84	0.79	0.92	0.83	0.92
sockses									0.01	0	0.03	0.03	0.04	0.05	0.05	0.05	0.06	0.06	0.05	0.06	0.08	0.04	0.06
banana	0	0.01	0.02	0.09	0.11	0.22	0.23	0.38	0.52	0.56	0.66	0.73	0.76	0.77	0.87	0.9	0.87	0.91	0.92	0.93	0.98	0.94	0.97
nice	0	0	0	0.02	0.01	0.01	0.08	0.1	0.06	0.05	0.12	0.22	0.27	0.25	0.38	0.41	0.44	0.5	0.6	0.56	0.76	0.66	0.77
can (object)									0.01	0.03	0.06	0.11	0.13	0.14	0.23	0.27	0.34	0.4	0.45	0.48	0.61	0.57	0.69
ouch	0.01	0.02	0.03	0.04	0.11	0.12	0.22	0.28	0.43	0.45	0.6	0.65	0.73	0.75	0.75	0.87	0.83	0.87	0.89	0.9	0.95	0.89	0.94
moon	0	0	0	0.01	0.02	0.04	0.02	0.13	0.23	0.2	0.4	0.44	0.47	0.54	0.66	0.65	0.77	0.79	0.81	0.79	0.92	0.84	0.93
tummy	0	0	0.01	0.01	0	0.01	0.07	0.13	0.11	0.18	0.33	0.43	0.45	0.45	0.63	0.68	0.73	0.77	0.86	0.8	0.93	0.87	0.94
cookie mommy / cookie for mommy									0	0	0	0	0	0	0	0	0	0	0	0	0	0	0
does your child talk a bout objects that are not present?									0	0	0	0	0	0	0	0	0	0	0	0	0	0	0
carry									0.01	0.02	0.07	0.13	0.14	0.22	0.3	0.4	0.45	0.56	0.62	0.64	0.76	0.75	0.82
heard									0	0	0.01	0.01	0.01	0.01	0.02	0.04	0.06	0.09	0.16	0.17	0.31	0.15	0.33
lollipop									0.01	0.03	0.08	0.12	0.13	0.16	0.24	0.24	0.32	0.44	0.39	0.49	0.62	0.6	0.65
that my truck / that's my truck									0	0	0	0	0	0	0	0	0	0	0	0	0	0	0
call (on phone)									0.1	0.13	0.2	0.25	0.28	0.35	0.47	0.53	0.57	0.67	0.71	0.68	0.81	0.74	0.86
tuna									0.01	0.02	0.05	0.04	0.06	0.1	0.19	0.17	0.17	0.26	0.32	0.36	0.43	0.34	0.43
daddy*	0.25	0.26	0.44	0.48	0.53	0.69	0.62	0.75	0.92	0.94	0.95	0.96	0.96	0.95	0.96	0.98	0.98	0.96	0.99	0.98	0.99	0.98	0.99
moose									0.03	0.05	0.07	0.11	0.09	0.11	0.21	0.23	0.28	0.28	0.35	0.36	0.52	0.42	0.48
farm									0.01	0.01	0.04	0.09	0.11	0.12	0.2	0.26	0.28	0.35	0.39	0.47	0.57	0.49	0.65
falled									0	0.01	0.02	0.02	0.03	0.03	0.05	0.04	0.09	0.09	0.15	0.09	0.17	0.11	0.17
hurt	0	0	0	0	0	0	0.01	0.04	0.03	0.05	0.1	0.19	0.23	0.24	0.37	0.47	0.55	0.59	0.68	0.66	0.83	0.75	0.85
hafta/have to									0.01	0	0.01	0.03	0.05	0.02	0.07	0.17	0.17	0.21	0.36	0.34	0.48	0.47	0.56
puppy	0	0	0.01	0.03	0.04	0.06	0.08	0.21	0.22	0.21	0.4	0.49	0.48	0.54	0.64	0.7	0.73	0.79	0.83	0.77	0.9	0.84	0.93
cat	0.03	0.01	0.03	0.08	0.11	0.19	0.29	0.36	0.42	0.45	0.53	0.66	0.68	0.68	0.8	0.85	0.84	0.86	0.94	0.88	0.96	0.96	0.95
eat	0	0	0.01	0.03	0.03	0.02	0.1	0.15	0.17	0.24	0.43	0.51	0.51	0.64	0.7	0.8	0.82	0.86	0.91	0.91	0.96	0.92	0.96
nail									0.01	0.01	0.03	0.1	0.05	0.12	0.18	0.26	0.27	0.34	0.38	0.46	0.58	0.51	0.63
deer	0	0	0	0	0	0	0.03	0	0.06	0.08	0.14	0.16	0.18	0.27	0.34	0.37	0.39	0.42	0.46	0.52	0.7	0.55	0.69
bye	0.12	0.1	0.3	0.23	0.43	0.5	0.56	0.68	0.72	0.75	0.88	0.88	0.91	0.91	0.91	0.93	0.95	0.96	0.96	0.93	0.98	0.97	0.98
pickle									0.02	0.05	0.13	0.17	0.17	0.19	0.29	0.4	0.4	0.49	0.55	0.54	0.69	0.64	0.74
bench									0.01	0.01	0.02	0.05	0.04	0.06	0.1	0.12	0.14	0.18	0.23	0.25	0.4	0.37	0.48
broom	0	0	0.01	0	0.01	0.01	0.07	0.1	0.09	0.1	0.18	0.27	0.27	0.36	0.42	0.52	0.55	0.62	0.69	0.71	0.84	0.73	0.85
flower	0	0	0	0.02	0.02	0.04	0.07	0.17	0.2	0.23	0.41	0.5	0.5	0.52	0.66	0.74	0.75	0.82	0.86	0.88	0.94	0.88	0.97
here									0.04	0.07	0.09	0.16	0.19	0.25	0.35	0.39	0.48	0.53	0.62	0.69	0.81	0.68	0.83
pet's name									0.3	0.29	0.45	0.43	0.47	0.54	0.57	0.59	0.63	0.63	0.7	0.66	0.81	0.69	0.77
coffee	0	0	0	0	0	0	0.04	0.06	0.04	0.04	0.15	0.2	0.24	0.28	0.4	0.43	0.5	0.58	0.61	0.63	0.79	0.67	0.78
white									0.01	0.03	0.05	0.07	0.11	0.16	0.28	0.32	0.34	0.4	0.45	0.5	0.69	0.59	0.75
buttocks/bottom*									0.09	0.14	0.26	0.36	0.38	0.49	0.55	0.63	0.68	0.75	0.78	0.8	0.91	0.83	0.9
bear	0.01	0	0	0.06	0.03	0.1	0.16	0.2	0.34	0.34	0.5	0.56	0.6	0.62	0.69	0.78	0.79	0.81	0.86	0.86	0.95	0.88	0.95
zoo	0	0	0	0.01	0	0	0.01	0.01	0.04	0.08	0.12	0.12	0.2	0.23	0.31	0.37	0.46	0.49	0.54	0.59	0.73	0.68	0.77
blanket	0	0	0	0.01	0.02	0.04	0.08	0.13	0.18	0.22	0.39	0.47	0.51	0.58	0.65	0.78	0.79	0.83	0.86	0.87	0.95	0.92	0.96
nap	0	0	0	0.01	0.01	0.01	0.03	0.12	0.08	0.11	0.22	0.27	0.35	0.39	0.52	0.58	0.67	0.71	0.84	0.79	0.91	0.84	0.94
country									0	0	0	0	0.01	0.02	0.04	0.03	0.04	0.08	0.07	0.08	0.16	0.15	0.21
day	0	0	0	0	0	0	0.01	0.01	0.01	0.01	0.04	0.07	0.08	0.11	0.21	0.23	0.25	0.33	0.39	0.45	0.53	0.52	0.59
losed									0	0	0	0.01	0	0	0.01	0.02	0.02	0.01	0.02	0.04	0.03	0.03	0.03
shovel	0	0	0	0	0	0	0	0.04	0.04	0.03	0.08	0.16	0.16	0.24	0.28	0.4	0.39	0.48	0.53	0.6	0.75	0.63	0.78
chair	0	0	0	0.01	0	0.02	0.05	0.14	0.16	0.21	0.4	0.44	0.44	0.57	0.69	0.72	0.77	0.81	0.82	0.9	0.95	0.89	0.94
what	0	0	0.01	0.04	0.05	0.06	0.09	0.13	0.15	0.13	0.19	0.22	0.24	0.32	0.46	0.5	0.53	0.56	0.68	0.72	0.81	0.79	0.88
haved									0	0	0	0	0	0	0	0	0.01	0.02	0.01	0.02	0.03	0.03	0.03
into									0	0	0	0.01	0.02	0.03	0.07	0.07	0.08	0.16	0.19	0.21	0.31	0.31	0.35
read	0	0	0	0.01	0	0.01	0.02	0.04	0.09	0.16	0.21	0.28	0.31	0.37	0.55	0.61	0.68	0.73	0.79	0.77	0.92	0.82	0.92
awake									0.01	0.03	0.05	0.11	0.12	0.2	0.3	0.35	0.4	0.49	0.57	0.53	0.73	0.68	0.8
owie/boo boo	0	0	0.02	0.01	0.06	0.06	0.15	0.18	0.29	0.38	0.45	0.56	0.65	0.62	0.71	0.79	0.8	0.83	0.88	0.88	0.95	0.83	0.91
clock	0	0	0	0	0.01	0.04	0.03	0.14	0.14	0.15	0.29	0.34	0.38	0.38	0.49	0.55	0.61	0.65	0.67	0.72	0.85	0.79	0.89
sauce									0.02	0.01	0.05	0.08	0.14	0.11	0.26	0.25	0.33	0.29	0.38	0.39	0.59	0.57	0.64
sweater	0	0	0	0	0	0	0	0.04	0.07	0.19	0.2	0.3	0.36	0.4	0.53	0.62	0.52	0.54	0.64	0.65	0.68	0.75	0.81
go potty									0.06	0.13	0.22	0.31	0.32	0.42	0.52	0.58	0.67	0.71	0.8	0.83	0.89	0.83	0.94
say	0	0	0	0	0	0	0.02	0.03	0.02	0.04	0.07	0.09	0.09	0.11	0.22	0.24	0.32	0.4	0.45	0.49	0.66	0.59	0.73
ride	0	0	0	0.02	0	0	0.01	0.04	0.04	0.05	0.14	0.2	0.2	0.3	0.42	0.51	0.55	0.62	0.72	0.7	0.85	0.74	0.86
wipe	0	0	0	0	0	0	0.01	0.05	0.03	0.02	0.1	0.12	0.17	0.23	0.36	0.36	0.44	0.49	0.49	0.57	0.73	0.71	0.78
basket									0.03	0.05	0.14	0.18	0.19	0.25	0.33	0.4	0.46	0.5	0.59	0.59	0.76	0.67	0.82
jello									0.02	0.04	0.08	0.1	0.12	0.14	0.18	0.19	0.3	0.36	0.43	0.45	0.6	0.47	0.62
coffee hot / that coffee hot									0	0	0	0	0	0	0	0	0	0	0	0	0	0	0
frog	0	0	0	0	0	0.01	0.02	0.05	0.11	0.14	0.28	0.38	0.41	0.43	0.57	0.62	0.71	0.73	0.78	0.77	0.91	0.82	0.94
first									0.01	0	0.02	0.04	0.04	0.08	0.15	0.19	0.21	0.3	0.39	0.41	0.57	0.52	0.66
cockadoodledoo	0.01	0	0	0	0	0.01	0.05	0.07	0.13	0.11	0.19	0.25	0.27	0.34	0.39	0.38	0.5	0.53	0.56	0.53	0.75	0.57	0.73
more cookie / more cookies									0	0	0	0	0	0	0	0	0	0	0	0	0	0	0
sweep									0.02	0.03	0.07	0.12	0.14	0.22	0.28	0.33	0.39	0.45	0.49	0.5	0.71	0.65	0.75
cookie	0.01	0.02	0.03	0.02	0.09	0.11	0.21	0.3	0.38	0.36	0.57	0.69	0.66	0.7	0.78	0.84	0.88	0.91	0.94	0.91	0.98	0.94	0.98
popsicle									0.03	0.05	0.14	0.15	0.2	0.27	0.34	0.34	0.41	0.51	0.58	0.64	0.73	0.71	0.78
crib	0	0	0	0.01	0	0	0.01	0.04	0.03	0.04	0.11	0.15	0.21	0.26	0.35	0.37	0.46	0.5	0.59	0.58	0.73	0.64	0.76
soda/pop									0.05	0.07	0.13	0.17	0.22	0.28	0.31	0.36	0.39	0.45	0.53	0.51	0.72	0.59	0.64
beans									0.07	0.1	0.21	0.26	0.28	0.38	0.4	0.45	0.51	0.51	0.68	0.62	0.78	0.62	0.82
because									0	0	0.01	0.02	0.03	0.04	0.11	0.13	0.11	0.15	0.26	0.3	0.37	0.42	0.49
downtown									0	0	0	0.02	0.03	0.02	0.05	0.1	0.08	0.14	0.15	0.23	0.23	0.29	0.27
sofa									0.01	0.01	0.04	0.07	0.08	0.08	0.11	0.16	0.21	0.22	0.27	0.34	0.42	0.41	0.42
dance	0	0	0	0.01	0	0.01	0.04	0.08	0.07	0.11	0.2	0.27	0.28	0.35	0.51	0.5	0.61	0.66	0.72	0.71	0.85	0.8	0.92
splural									0	0	0	0	0	0	0	0	0	0	0	0	0	0	0
plate	0	0	0	0	0	0	0.01	0.05	0.04	0.04	0.16	0.2	0.26	0.35	0.45	0.53	0.57	0.64	0.63	0.7	0.84	0.77	0.88
meow	0.01	0.03	0.04	0.08	0.07	0.17	0.24	0.35	0.5	0.49	0.68	0.72	0.73	0.79	0.82	0.86	0.9	0.9	0.94	0.91	0.97	0.93	0.97
them									0	0	0.01	0.03	0.02	0.03	0.09	0.09	0.1	0.17	0.28	0.25	0.33	0.35	0.42
blue	0	0	0	0.01	0.01	0.01	0.03	0.07	0.09	0.14	0.23	0.31	0.31	0.38	0.52	0.55	0.65	0.7	0.69	0.74	0.87	0.8	0.91
little (description)	0	0	0	0.01	0	0	0	0.03	0.02	0.03	0.07	0.11	0.14	0.16	0.38	0.36	0.45	0.55	0.63	0.65	0.79	0.72	0.87
coke									0.04	0.04	0.09	0.13	0.15	0.18	0.25	0.2	0.34	0.4	0.41	0.37	0.54	0.44	0.56
blewed									0	0	0	0	0	0	0	0	0.01	0.01	0.04	0.02	0.03	0.01	0.01
raisin	0	0	0	0.01	0.01	0.01	0.01	0.06	0.05	0.07	0.19	0.26	0.27	0.31	0.46	0.47	0.56	0.61	0.69	0.71	0.81	0.76	0.88
tonight	0	0	0	0	0	0	0	0.01	0	0	0.01	0.03	0.03	0.02	0.08	0.12	0.12	0.18	0.24	0.26	0.36	0.38	0.47
man	0	0	0	0.01	0	0.01	0.02	0.06	0.05	0.04	0.12	0.18	0.22	0.26	0.34	0.45	0.45	0.49	0.63	0.63	0.75	0.67	0.8
touch	0	0	0	0	0	0.01	0	0.04	0.03	0.02	0.1	0.12	0.16	0.16	0.26	0.33	0.39	0.48	0.54	0.57	0.75	0.67	0.83
play	0	0	0	0.01	0	0.01	0.05	0.05	0.06	0.09	0.19	0.27	0.32	0.37	0.52	0.62	0.66	0.72	0.84	0.8	0.9	0.88	0.95
helicopter									0.04	0.04	0.1	0.16	0.17	0.26	0.34	0.43	0.5	0.59	0.62	0.69	0.79	0.65	0.83
food	0	0	0.01	0.01	0.01	0.02	0.04	0.08	0.07	0.14	0.21	0.29	0.31	0.37	0.48	0.55	0.58	0.61	0.69	0.7	0.83	0.83	0.88
cheek	0	0	0	0.01	0	0	0.02	0.05	0.06	0.11	0.2	0.29	0.33	0.4	0.55	0.53	0.6	0.66	0.68	0.78	0.84	0.79	0.86
toeses									0.01	0	0.01	0.03	0.03	0.02	0.03	0.02	0.05	0.07	0.05	0.1	0.06	0.04	0.05
fine	0	0	0	0	0	0	0	0.01	0.01	0.01	0.01	0.03	0.04	0.04	0.09	0.13	0.16	0.22	0.29	0.29	0.4	0.33	0.51
sing	0	0	0.03	0.01	0	0.01	0.05	0.08	0.03	0.05	0.11	0.15	0.22	0.26	0.4	0.44	0.55	0.61	0.68	0.66	0.83	0.75	0.88
ball	0.04	0	0.07	0.2	0.26	0.39	0.56	0.53	0.77	0.79	0.9	0.91	0.95	0.94	0.96	0.98	0.96	0.97	0.98	0.98	0.99	0.98	0.99
trash	0	0	0	0.01	0.01	0.01	0.02	0.06	0.07	0.11	0.21	0.29	0.27	0.35	0.45	0.45	0.54	0.51	0.6	0.62	0.78	0.69	0.8
tear									0	0.01	0.02	0.02	0.05	0.06	0.09	0.12	0.18	0.22	0.24	0.33	0.44	0.46	0.54
wish									0	0	0	0.02	0.03	0.03	0.05	0.05	0.05	0.11	0.16	0.15	0.26	0.25	0.37
flew									0	0	0.01	0.01	0.03	0.02	0.05	0.05	0.07	0.07	0.19	0.13	0.26	0.16	0.27
clean (action)	0	0	0	0	0	0	0.01	0.04	0.03	0.07	0.14	0.21	0.28	0.28	0.42	0.46	0.56	0.61	0.7	0.67	0.86	0.75	0.9
tissue/kleenex									0.03	0.04	0.11	0.19	0.21	0.31	0.36	0.4	0.52	0.54	0.64	0.63	0.82	0.68	0.83
goose	0	0	0	0	0.01	0	0.02	0.04	0.04	0.07	0.08	0.17	0.18	0.18	0.27	0.33	0.35	0.42	0.48	0.47	0.65	0.45	0.6
ran									0	0.01	0.02	0.03	0.04	0.03	0.08	0.1	0.14	0.16	0.22	0.24	0.41	0.25	0.39
lookit me / lookit me dancing									0	0	0	0	0	0	0	0	0	0	0	0	0	0	0
does your child ever pick up or point to an object and name an absent person to whom the object belongs?									0	0	0	0	0	0	0	0	0	0	0	0	0	0	0
water (not beverage)	0	0	0.01	0.01	0.04	0.05	0.07	0.24	0.25	0.24	0.44	0.54	0.63	0.6	0.74	0.79	0.82	0.85	0.86	0.95	0.97	0.9	0.98
love	0	0	0	0.01	0.03	0.01	0.05	0.08	0.09	0.14	0.2	0.3	0.32	0.39	0.42	0.58	0.62	0.69	0.74	0.73	0.88	0.86	0.9
hot	0	0	0.01	0.04	0.05	0.11	0.26	0.36	0.43	0.4	0.61	0.64	0.72	0.71	0.77	0.84	0.85	0.85	0.91	0.89	0.97	0.91	0.95
train	0	0	0	0.02	0	0.01	0.05	0.11	0.12	0.17	0.34	0.41	0.49	0.48	0.69	0.74	0.78	0.79	0.85	0.88	0.95	0.9	0.97
you fix it / can you fix it									0	0	0	0	0	0	0	0	0	0	0	0	0	0	0
splash	0	0	0	0	0.01	0	0.01	0.06	0.05	0.05	0.11	0.16	0.17	0.25	0.31	0.4	0.46	0.5	0.55	0.56	0.75	0.7	0.84
broked									0	0	0.01	0.02	0.03	0.03	0.08	0.07	0.08	0.06	0.11	0.13	0.14	0.1	0.15
fork	0	0	0	0	0	0	0.02	0.09	0.07	0.15	0.27	0.35	0.41	0.47	0.64	0.68	0.71	0.75	0.81	0.89	0.92	0.81	0.93
belly button	0	0	0	0.02	0.01	0.04	0.12	0.23	0.22	0.3	0.38	0.48	0.54	0.57	0.67	0.72	0.74	0.77	0.82	0.83	0.91	0.83	0.95
face	0	0	0	0	0	0	0.02	0.06	0.05	0.06	0.16	0.26	0.23	0.33	0.44	0.52	0.59	0.61	0.77	0.72	0.86	0.79	0.88
book	0	0.01	0.01	0.12	0.1	0.22	0.33	0.42	0.52	0.52	0.71	0.8	0.83	0.8	0.82	0.92	0.91	0.92	0.94	0.96	0.98	0.95	0.97
would									0	0	0	0	0.01	0.02	0.03	0.03	0.04	0.07	0.09	0.13	0.17	0.19	0.26
elephant	0	0	0.01	0	0.01	0.01	0.03	0.08	0.08	0.11	0.23	0.31	0.32	0.38	0.53	0.6	0.67	0.68	0.79	0.78	0.91	0.83	0.95
mommy*	0.22	0.23	0.46	0.45	0.54	0.68	0.62	0.74	0.93	0.93	0.97	0.97	0.96	0.97	0.96	0.99	0.99	0.97	0.99	0.98	0.99	0.98	0.99
zebra									0.04	0.08	0.15	0.2	0.22	0.22	0.35	0.43	0.5	0.51	0.62	0.57	0.78	0.69	0.81
blew									0	0	0.01	0.03	0.02	0.02	0.06	0.05	0.11	0.12	0.23	0.17	0.34	0.16	0.29
jacket	0	0	0	0.01	0.01	0.01	0.02	0.09	0.06	0.09	0.19	0.27	0.29	0.34	0.45	0.5	0.57	0.64	0.66	0.76	0.82	0.76	0.83
hi	0.11	0.1	0.18	0.28	0.35	0.41	0.54	0.59	0.65	0.54	0.71	0.72	0.76	0.74	0.77	0.83	0.89	0.92	0.93	0.93	0.98	0.93	0.95
kitchen	0	0	0	0	0	0.01	0	0.06	0.03	0.05	0.13	0.2	0.22	0.32	0.41	0.54	0.56	0.62	0.73	0.75	0.86	0.79	0.91
hit	0	0	0	0	0	0	0.01	0.03	0.02	0.04	0.11	0.16	0.19	0.25	0.42	0.45	0.55	0.61	0.71	0.69	0.84	0.76	0.84
swing (object)	0	0	0	0.01	0.01	0.01	0.02	0.09	0.14	0.18	0.31	0.41	0.41	0.47	0.62	0.66	0.67	0.73	0.81	0.82	0.89	0.83	0.92
blockses									0	0	0	0	0	0.01	0.02	0	0.02	0.02	0.02	0.02	0.03	0.02	0.03
fireman									0	0.01	0.04	0.03	0.06	0.08	0.15	0.22	0.26	0.3	0.44	0.47	0.6	0.55	0.7
went									0	0	0.02	0.02	0.03	0.02	0.06	0.06	0.11	0.16	0.16	0.27	0.46	0.28	0.44
chicken (animal)	0	0	0	0.01	0.01	0.01	0.02	0.11	0.08	0.11	0.25	0.29	0.34	0.4	0.54	0.58	0.66	0.67	0.76	0.79	0.88	0.82	0.89
she									0.01	0.01	0.01	0.04	0.04	0.05	0.14	0.17	0.19	0.23	0.38	0.38	0.49	0.48	0.59
porch									0	0	0.01	0.05	0.06	0.09	0.13	0.15	0.18	0.22	0.29	0.4	0.43	0.4	0.49
wet	0	0	0	0	0.01	0.01	0.03	0.1	0.07	0.1	0.22	0.3	0.35	0.42	0.58	0.6	0.68	0.75	0.82	0.79	0.92	0.82	0.94
clown									0.02	0.03	0.09	0.12	0.15	0.15	0.19	0.28	0.33	0.4	0.46	0.49	0.7	0.51	0.67
pour									0.01	0	0.03	0.06	0.07	0.11	0.18	0.2	0.25	0.35	0.38	0.5	0.6	0.55	0.66
yard									0.01	0.02	0.05	0.09	0.08	0.15	0.17	0.23	0.3	0.38	0.5	0.46	0.61	0.56	0.71
there	0	0	0	0	0.01	0.02	0.01	0.07	0.07	0.04	0.11	0.12	0.17	0.19	0.31	0.39	0.42	0.47	0.61	0.63	0.78	0.68	0.79
comb	0	0	0	0	0	0.01	0.02	0.04	0.06	0.08	0.18	0.22	0.27	0.27	0.36	0.42	0.46	0.57	0.67	0.59	0.78	0.69	0.82
mouth	0	0	0	0.02	0.02	0.03	0.07	0.18	0.18	0.27	0.43	0.56	0.54	0.57	0.7	0.75	0.79	0.81	0.87	0.88	0.95	0.89	0.96
look	0	0	0	0.04	0.01	0.01	0.04	0.05	0.06	0.07	0.15	0.2	0.19	0.25	0.39	0.47	0.61	0.64	0.73	0.72	0.86	0.83	0.87
these									0.02	0.01	0.04	0.07	0.09	0.07	0.18	0.2	0.2	0.3	0.44	0.4	0.51	0.46	0.54
about									0	0	0	0.01	0.02	0.02	0.04	0.06	0.05	0.1	0.13	0.1	0.23	0.26	0.31
hen									0.01	0.01	0.03	0.06	0.08	0.13	0.16	0.19	0.22	0.25	0.3	0.26	0.48	0.33	0.46
jelly									0.02	0.02	0.08	0.11	0.14	0.15	0.26	0.3	0.35	0.44	0.46	0.58	0.72	0.59	0.79
walk	0	0	0.01	0.01	0	0.01	0.01	0.06	0.08	0.12	0.26	0.34	0.31	0.42	0.56	0.61	0.67	0.72	0.72	0.75	0.89	0.79	0.91
plant	0	0	0.01	0	0	0.01	0.02	0.06	0.02	0.05	0.1	0.13	0.18	0.22	0.29	0.31	0.37	0.44	0.54	0.51	0.67	0.6	0.75
every									0	0	0.01	0	0.01	0.02	0.04	0.1	0.08	0.14	0.18	0.19	0.26	0.3	0.35
bottle	0.03	0.06	0.11	0.22	0.18	0.25	0.38	0.42	0.42	0.36	0.49	0.53	0.58	0.61	0.7	0.71	0.74	0.78	0.86	0.83	0.92	0.86	0.93
scared	0	0	0	0	0	0	0	0.02	0.01	0.02	0.02	0.05	0.08	0.12	0.23	0.29	0.35	0.41	0.54	0.58	0.73	0.62	0.8
babysitter	0	0	0	0	0	0	0.01	0	0.01	0	0.01	0.02	0.03	0.02	0.08	0.14	0.12	0.16	0.18	0.26	0.34	0.29	0.38
sprinkler									0.01	0.01	0.03	0.06	0.05	0.08	0.13	0.15	0.23	0.32	0.31	0.4	0.51	0.45	0.57
watch (object)	0	0	0	0.01	0.01	0.01	0.02	0.11	0.07	0.08	0.2	0.24	0.25	0.3	0.42	0.43	0.52	0.57	0.66	0.65	0.83	0.7	0.83
sky	0	0	0	0.01	0.01	0	0.01	0.07	0.06	0.07	0.2	0.26	0.26	0.34	0.43	0.47	0.54	0.57	0.61	0.69	0.81	0.73	0.85
we									0.01	0.01	0.01	0.02	0.03	0.04	0.09	0.12	0.14	0.2	0.29	0.33	0.43	0.43	0.54
please	0	0	0	0.02	0.02	0.04	0.12	0.16	0.27	0.36	0.49	0.56	0.68	0.74	0.76	0.84	0.87	0.86	0.93	0.94	0.98	0.96	0.98
skate									0	0	0.01	0.03	0.03	0.08	0.09	0.09	0.15	0.17	0.26	0.27	0.42	0.37	0.44
friend									0.02	0.02	0.06	0.09	0.13	0.14	0.25	0.31	0.34	0.38	0.48	0.5	0.68	0.64	0.78
lick									0	0.02	0.03	0.05	0.07	0.15	0.19	0.25	0.28	0.37	0.42	0.5	0.62	0.61	0.7
boots	0	0	0	0	0	0.01	0.02	0.11	0.1	0.14	0.26	0.31	0.42	0.46	0.59	0.65	0.65	0.69	0.7	0.77	0.86	0.84	0.88
make									0	0	0.02	0.06	0.08	0.12	0.21	0.28	0.34	0.4	0.54	0.54	0.73	0.66	0.79
seed									0	0	0	0.01	0	0.01	0.01	0.03	0.02	0.02	0.04	0.04	0.05	0.04	0.07
rip									0	0.01	0.01	0.04	0.03	0.05	0.07	0.13	0.13	0.15	0.25	0.29	0.4	0.36	0.45
picnic									0	0.01	0.03	0.05	0.07	0.06	0.1	0.19	0.24	0.26	0.41	0.45	0.52	0.51	0.64
mop									0.01	0.02	0.04	0.07	0.09	0.12	0.17	0.18	0.24	0.25	0.34	0.35	0.52	0.41	0.55
house	0	0	0	0	0.01	0.01	0.03	0.09	0.08	0.12	0.24	0.32	0.34	0.4	0.51	0.61	0.65	0.72	0.74	0.78	0.88	0.83	0.93
quack quack	0.03	0.02	0.01	0.06	0.11	0.18	0.24	0.32	0.46	0.46	0.58	0.62	0.68	0.62	0.75	0.82	0.83	0.85	0.89	0.83	0.95	0.86	0.96
thirsty	0	0	0	0	0	0	0.01	0.05	0.03	0.02	0.07	0.13	0.16	0.19	0.31	0.4	0.43	0.47	0.55	0.62	0.73	0.69	0.76
ranned									0	0	0	0	0	0	0.01	0	0.01	0.03	0.02	0.04	0.03	0.03	0.04
I like read stories / I like to read stories									0	0	0	0	0	0	0	0	0	0	0	0	0	0	0
if									0	0.01	0	0.01	0.01	0.02	0.03	0.03	0.04	0.1	0.08	0.12	0.19	0.2	0.23
cowboy									0	0	0.01	0.02	0.03	0.04	0.09	0.12	0.16	0.19	0.22	0.23	0.41	0.36	0.47
baby blanket / baby's blanket									0	0	0	0	0	0	0	0	0	0	0	0	0	0	0
another	0	0	0	0	0.01	0	0	0.02	0.01	0.01	0.05	0.07	0.07	0.07	0.2	0.2	0.26	0.34	0.44	0.37	0.57	0.52	0.63
a									0.04	0.04	0.08	0.1	0.12	0.18	0.28	0.3	0.35	0.37	0.48	0.55	0.6	0.6	0.71
work (place)	0	0	0	0	0	0	0.01	0.05	0.06	0.05	0.15	0.2	0.24	0.28	0.44	0.48	0.57	0.64	0.72	0.73	0.86	0.74	0.88
pick									0.01	0	0.04	0.08	0.07	0.09	0.13	0.21	0.24	0.32	0.46	0.38	0.58	0.56	0.65
lunch	0	0	0	0	0	0.01	0.01	0.07	0.05	0.06	0.16	0.18	0.24	0.3	0.35	0.48	0.53	0.6	0.65	0.64	0.81	0.8	0.88
each									0	0	0	0.01	0.01	0.02	0.03	0.04	0.03	0.09	0.11	0.13	0.15	0.19	0.22
slide (object)	0	0	0	0	0.01	0.01	0.02	0.09	0.09	0.11	0.21	0.34	0.34	0.39	0.54	0.58	0.62	0.68	0.71	0.73	0.87	0.79	0.87
careful	0	0	0	0	0	0	0.01	0.03	0.02	0.02	0.09	0.12	0.16	0.16	0.25	0.35	0.38	0.49	0.54	0.51	0.74	0.62	0.79
button	0	0	0	0.04	0.02	0.04	0.04	0.14	0.18	0.15	0.29	0.38	0.39	0.39	0.55	0.61	0.63	0.66	0.72	0.69	0.89	0.77	0.91
stone									0.01	0.01	0.05	0.05	0.07	0.08	0.16	0.14	0.19	0.24	0.29	0.3	0.41	0.34	0.46
ing									0	0	0	0	0	0	0	0	0	0	0	0	0	0	0
runned									0	0	0	0	0.01	0.01	0.02	0.02	0.03	0.04	0.08	0.07	0.09	0.1	0.07
saw									0.01	0	0.02	0.02	0.03	0.01	0.09	0.09	0.14	0.14	0.25	0.23	0.49	0.25	0.48
pizza	0	0	0	0	0	0.01	0.02	0.09	0.1	0.14	0.31	0.37	0.46	0.48	0.62	0.71	0.74	0.79	0.85	0.89	0.94	0.88	0.96
run	0	0	0	0	0	0	0.02	0.03	0.03	0.06	0.14	0.2	0.26	0.32	0.5	0.52	0.62	0.68	0.72	0.71	0.86	0.8	0.93
cracker	0	0.01	0.02	0.02	0.05	0.1	0.19	0.29	0.34	0.32	0.5	0.58	0.59	0.59	0.71	0.78	0.77	0.81	0.84	0.84	0.95	0.86	0.96
green									0.04	0.07	0.15	0.21	0.24	0.28	0.41	0.47	0.52	0.59	0.61	0.63	0.82	0.76	0.89
applesauce									0.05	0.05	0.14	0.15	0.23	0.28	0.39	0.45	0.48	0.5	0.54	0.57	0.73	0.65	0.84
stroller	0	0	0	0.01	0	0.01	0.02	0.07	0.06	0.05	0.16	0.21	0.22	0.18	0.27	0.33	0.48	0.53	0.54	0.54	0.83	0.54	0.79
hear									0.01	0.01	0.05	0.09	0.1	0.11	0.24	0.29	0.33	0.41	0.5	0.52	0.68	0.62	0.78
but									0	0	0	0.01	0.02	0.04	0.04	0.05	0.07	0.11	0.16	0.23	0.26	0.27	0.39
firetruck	0	0	0	0	0	0	0.02	0.09	0.05	0.03	0.13	0.2	0.22	0.3	0.42	0.47	0.55	0.63	0.62	0.66	0.83	0.77	0.88
have									0.01	0.02	0.06	0.1	0.13	0.15	0.27	0.35	0.41	0.46	0.58	0.6	0.75	0.7	0.78
juice	0	0	0.01	0.02	0.09	0.13	0.25	0.36	0.44	0.31	0.58	0.67	0.69	0.76	0.82	0.85	0.86	0.86	0.95	0.9	0.97	0.91	0.98
away	0	0	0	0.01	0	0	0	0.03	0.02	0.01	0.06	0.08	0.1	0.12	0.24	0.29	0.34	0.42	0.49	0.49	0.67	0.58	0.68
teeth									0.19	0.16	0.37	0.35	0.37	0.35	0.4	0.39	0.58	0.62	0.71	0.65	0.89	0.54	0.73
eye	0.01	0	0.01	0.02	0.08	0.1	0.21	0.3	0.43	0.48	0.67	0.73	0.74	0.74	0.83	0.9	0.91	0.92	0.95	0.94	0.99	0.96	0.98
asleep	0	0.01	0	0.01	0	0	0.01	0.03	0.03	0.06	0.11	0.19	0.22	0.25	0.4	0.46	0.54	0.59	0.62	0.57	0.8	0.75	0.85
heared									0	0	0	0	0	0	0.01	0.02	0.02	0.01	0.02	0.04	0.05	0.02	0.04
knock									0.03	0.07	0.11	0.16	0.15	0.25	0.36	0.37	0.44	0.5	0.56	0.59	0.73	0.66	0.79
paint									0.01	0.03	0.06	0.08	0.13	0.19	0.26	0.31	0.39	0.43	0.52	0.57	0.73	0.68	0.8
yellow									0.06	0.1	0.15	0.23	0.3	0.3	0.42	0.46	0.57	0.62	0.6	0.68	0.81	0.72	0.86
where's my dolly / where's my dolly name Sam									0	0	0	0	0	0	0	0	0	0	0	0	0	0	0
noodles	0	0	0	0.01	0.01	0.01	0.02	0.09	0.09	0.09	0.21	0.26	0.32	0.38	0.46	0.48	0.56	0.56	0.66	0.65	0.8	0.69	0.87
peanut butter									0.03	0.06	0.12	0.22	0.19	0.28	0.41	0.44	0.5	0.58	0.61	0.71	0.82	0.75	0.86
are									0	0	0.01	0.02	0.04	0.04	0.08	0.11	0.16	0.2	0.29	0.3	0.45	0.4	0.57
spoon	0	0	0	0	0.02	0.03	0.07	0.16	0.2	0.26	0.45	0.52	0.58	0.62	0.73	0.79	0.77	0.83	0.86	0.89	0.95	0.89	0.96
find									0.01	0.02	0.07	0.11	0.15	0.18	0.31	0.38	0.43	0.51	0.59	0.61	0.79	0.68	0.82
high chair	0	0	0	0.01	0.01	0.01	0.01	0.08	0.05	0.08	0.18	0.2	0.2	0.29	0.36	0.39	0.46	0.48	0.55	0.57	0.72	0.63	0.7
no wash dolly / don't wash dolly									0	0	0	0	0	0	0	0	0	0	0	0	0	0	0
share									0.01	0.01	0.05	0.09	0.11	0.17	0.28	0.3	0.36	0.46	0.48	0.57	0.71	0.63	0.79
two foot / two feet									0	0	0	0	0	0	0	0	0	0	0	0	0	0	0
beside									0	0	0.01	0	0.03	0.03	0.06	0.07	0.09	0.13	0.14	0.17	0.22	0.23	0.28
playground									0.01	0.02	0.06	0.07	0.08	0.12	0.2	0.26	0.3	0.37	0.45	0.45	0.57	0.63	0.66
thank you	0.01	0	0.02	0.05	0.13	0.14	0.25	0.31	0.37	0.44	0.56	0.62	0.66	0.72	0.78	0.84	0.86	0.88	0.91	0.94	0.97	0.98	0.98
gotta/got to									0	0.01	0.01	0.02	0.03	0.04	0.1	0.14	0.11	0.16	0.29	0.28	0.37	0.4	0.43
napkin									0.02	0.04	0.1	0.15	0.22	0.28	0.39	0.43	0.54	0.57	0.66	0.64	0.82	0.72	0.87
cut									0.01	0.01	0.04	0.08	0.11	0.13	0.22	0.3	0.36	0.48	0.55	0.55	0.72	0.66	0.77
ice									0.11	0.12	0.25	0.34	0.36	0.41	0.51	0.59	0.64	0.72	0.71	0.75	0.86	0.81	0.88
rocking chair	0	0	0	0.01	0	0.01	0	0.07	0.04	0.04	0.11	0.16	0.2	0.2	0.35	0.32	0.38	0.45	0.49	0.55	0.65	0.61	0.73
peekaboo	0	0.03	0.02	0.05	0.11	0.11	0.18	0.27	0.33	0.4	0.49	0.57	0.58	0.61	0.67	0.78	0.76	0.81	0.85	0.86	0.91	0.84	0.94
stick									0.05	0.08	0.16	0.21	0.2	0.26	0.38	0.48	0.54	0.57	0.66	0.71	0.81	0.72	0.87
taste									0.01	0	0.04	0.06	0.07	0.1	0.2	0.23	0.28	0.31	0.42	0.44	0.61	0.55	0.65
bring	0	0	0	0.01	0	0	0.01	0.03	0.02	0.03	0.07	0.1	0.11	0.17	0.2	0.33	0.34	0.44	0.52	0.5	0.68	0.61	0.74
movie									0.01	0.02	0.06	0.08	0.11	0.16	0.23	0.29	0.32	0.39	0.46	0.49	0.65	0.65	0.72
glasses	0	0	0	0	0.01	0.01	0.05	0.09	0.09	0.11	0.22	0.3	0.29	0.37	0.46	0.54	0.6	0.66	0.71	0.72	0.87	0.78	0.84
story									0.03	0.06	0.12	0.18	0.18	0.28	0.36	0.42	0.53	0.54	0.61	0.66	0.81	0.73	0.84
child	0	0	0	0.01	0.01	0	0.02	0.02	0.01	0.01	0.03	0.03	0.04	0.04	0.08	0.11	0.15	0.16	0.16	0.26	0.33	0.3	0.37
maked									0	0	0	0.01	0	0	0.02	0.01	0.03	0.04	0.06	0.05	0.09	0.05	0.1
my	0.01	0	0	0.01	0	0.01	0.05	0.06	0.08	0.07	0.12	0.22	0.19	0.29	0.4	0.44	0.53	0.55	0.61	0.58	0.8	0.77	0.81
much									0	0.01	0.02	0.03	0.03	0.02	0.1	0.13	0.13	0.17	0.24	0.25	0.36	0.31	0.44
roof									0.01	0	0.02	0.04	0.06	0.07	0.14	0.16	0.2	0.27	0.32	0.39	0.53	0.47	0.6
mouse	0	0	0	0.01	0.01	0.01	0.03	0.07	0.09	0.1	0.22	0.29	0.32	0.42	0.55	0.59	0.62	0.66	0.71	0.72	0.88	0.81	0.9
present									0.01	0.03	0.05	0.1	0.13	0.17	0.33	0.37	0.52	0.56	0.6	0.65	0.81	0.7	0.85
boy	0	0	0	0.01	0.01	0.02	0.04	0.1	0.08	0.12	0.22	0.31	0.32	0.37	0.45	0.56	0.58	0.64	0.76	0.76	0.85	0.8	0.9
airplane	0	0	0.01	0.02	0.04	0.04	0.06	0.22	0.22	0.21	0.41	0.48	0.54	0.57	0.7	0.74	0.79	0.84	0.89	0.92	0.96	0.91	0.97
purse	0	0	0	0.01	0.01	0.01	0.02	0.11	0.05	0.07	0.15	0.22	0.22	0.34	0.36	0.41	0.51	0.54	0.62	0.65	0.79	0.67	0.8
vitamins									0.02	0.05	0.06	0.12	0.14	0.15	0.22	0.28	0.33	0.41	0.49	0.51	0.61	0.59	0.66
sock	0	0	0	0.02	0.05	0.08	0.14	0.25	0.3	0.22	0.44	0.47	0.46	0.44	0.5	0.59	0.71	0.75	0.82	0.78	0.95	0.79	0.9
school	0	0	0	0	0	0	0.02	0.05	0.04	0.08	0.17	0.24	0.28	0.33	0.47	0.56	0.57	0.69	0.7	0.73	0.85	0.83	0.91
childrens									0	0	0.01	0	0	0	0.01	0.01	0.03	0.02	0.05	0.04	0.06	0.04	0.08
nuts									0.01	0.03	0.05	0.11	0.12	0.17	0.17	0.26	0.35	0.34	0.51	0.47	0.61	0.62	0.71
take	0	0	0	0	0	0	0	0.02	0.01	0.01	0.04	0.08	0.08	0.12	0.24	0.32	0.32	0.41	0.51	0.5	0.69	0.65	0.75
our									0	0	0	0.02	0.03	0.02	0.04	0.11	0.08	0.16	0.19	0.23	0.33	0.34	0.37
cute	0	0	0	0.01	0	0	0.01	0.04	0.03	0.05	0.08	0.12	0.16	0.16	0.29	0.32	0.34	0.39	0.46	0.42	0.64	0.56	0.67
hug	0	0	0	0.01	0.01	0.01	0.03	0.12	0.11	0.17	0.28	0.37	0.42	0.44	0.61	0.7	0.69	0.77	0.83	0.83	0.92	0.89	0.95
is									0.02	0.02	0.04	0.04	0.06	0.09	0.15	0.19	0.24	0.3	0.41	0.46	0.57	0.53	0.68
chase									0.01	0.03	0.05	0.08	0.08	0.1	0.17	0.25	0.27	0.35	0.36	0.37	0.6	0.52	0.65
the									0.02	0.03	0.04	0.08	0.08	0.09	0.21	0.24	0.29	0.3	0.51	0.46	0.63	0.53	0.7
tongue	0	0	0	0	0	0.01	0.02	0.05	0.07	0.16	0.22	0.3	0.33	0.36	0.52	0.56	0.59	0.63	0.69	0.74	0.84	0.81	0.91
now	0	0	0	0.01	0	0	0.01	0.02	0.03	0.05	0.07	0.13	0.18	0.23	0.29	0.38	0.42	0.53	0.64	0.64	0.77	0.67	0.77
shopping									0.02	0.03	0.09	0.13	0.12	0.18	0.29	0.36	0.42	0.51	0.57	0.59	0.75	0.64	0.8
cheerios	0	0	0.01	0.02	0.02	0.04	0.06	0.14	0.16	0.19	0.27	0.29	0.34	0.4	0.47	0.52	0.52	0.61	0.63	0.69	0.79	0.74	0.84
yucky	0	0	0.01	0.02	0.04	0.05	0.07	0.12	0.19	0.22	0.38	0.37	0.41	0.43	0.55	0.63	0.66	0.68	0.71	0.68	0.86	0.78	0.87
feets									0.01	0.01	0.05	0.07	0.06	0.07	0.15	0.09	0.13	0.13	0.26	0.19	0.24	0.14	0.26
and									0.01	0.01	0.02	0.06	0.07	0.09	0.18	0.28	0.32	0.36	0.45	0.5	0.64	0.62	0.72
sneaker									0.01	0.02	0.04	0.08	0.11	0.1	0.2	0.18	0.2	0.3	0.31	0.36	0.47	0.39	0.48
camera									0.02	0.01	0.09	0.13	0.18	0.23	0.33	0.35	0.46	0.52	0.6	0.62	0.75	0.68	0.83
sink	0	0	0	0	0	0	0.01	0.02	0.02	0.03	0.09	0.13	0.17	0.23	0.34	0.4	0.46	0.5	0.65	0.65	0.76	0.74	0.82
finish	0	0	0	0	0	0	0.02	0.02	0.01	0.03	0.05	0.07	0.08	0.07	0.17	0.22	0.26	0.35	0.39	0.41	0.6	0.56	0.63
finger	0	0	0	0	0	0.01	0.03	0.06	0.07	0.19	0.28	0.38	0.43	0.52	0.6	0.72	0.74	0.75	0.84	0.84	0.91	0.88	0.96
bath	0	0.01	0.01	0.02	0.08	0.13	0.2	0.28	0.36	0.45	0.57	0.63	0.67	0.7	0.82	0.84	0.84	0.86	0.94	0.9	0.97	0.93	0.97
turn on light / turn on light so I can see									0	0	0	0	0	0	0	0	0	0	0	0	0	0	0
popcorn									0.04	0.08	0.18	0.22	0.28	0.33	0.38	0.44	0.58	0.63	0.71	0.69	0.84	0.76	0.9
daddy pick me up / daddy picked me up									0	0	0	0	0	0	0	0	0	0	0	0	0	0	0
french fries									0.07	0.11	0.22	0.33	0.33	0.39	0.49	0.56	0.62	0.7	0.8	0.78	0.9	0.81	0.91
alligator									0.03	0.05	0.1	0.13	0.18	0.21	0.28	0.38	0.46	0.5	0.61	0.58	0.8	0.72	0.79
choo choo	0	0	0.01	0.05	0.06	0.05	0.09	0.18	0.28	0.33	0.51	0.59	0.61	0.59	0.73	0.78	0.81	0.83	0.85	0.85	0.95	0.87	0.93
an									0	0	0	0.01	0.01	0.01	0.04	0.04	0.05	0.09	0.15	0.15	0.17	0.19	0.25
aunt	0.01	0	0.01	0.01	0.01	0.02	0.05	0.07	0.06	0.08	0.14	0.15	0.18	0.19	0.35	0.36	0.44	0.5	0.57	0.62	0.72	0.65	0.72
sled									0.01	0.06	0.07	0.1	0.13	0.22	0.24	0.31	0.25	0.3	0.33	0.38	0.38	0.45	0.53
diaper	0	0.01	0	0.01	0.04	0.08	0.1	0.17	0.28	0.32	0.49	0.55	0.53	0.69	0.7	0.8	0.81	0.88	0.87	0.87	0.96	0.92	0.96
bee	0	0	0.01	0.01	0.01	0.02	0.05	0.15	0.18	0.25	0.36	0.49	0.5	0.48	0.6	0.72	0.72	0.73	0.78	0.81	0.92	0.84	0.93
store	0	0	0	0	0	0.01	0.02	0.05	0.04	0.04	0.16	0.23	0.25	0.32	0.44	0.52	0.59	0.65	0.78	0.73	0.88	0.78	0.89
mine	0	0.01	0.01	0.01	0.02	0.03	0.14	0.15	0.21	0.31	0.41	0.52	0.58	0.64	0.71	0.75	0.83	0.81	0.84	0.85	0.93	0.87	0.93
grandma*	0.01	0.04	0.07	0.1	0.11	0.17	0.23	0.25	0.41	0.44	0.58	0.65	0.69	0.74	0.82	0.86	0.86	0.9	0.94	0.91	0.96	0.94	0.98
teddybear	0	0	0	0	0	0.02	0.01	0.07	0.15	0.12	0.23	0.31	0.32	0.34	0.47	0.57	0.54	0.67	0.69	0.71	0.87	0.8	0.85
after									0	0	0.02	0.02	0.04	0.06	0.11	0.14	0.18	0.24	0.34	0.31	0.47	0.45	0.54
garden	0	0	0	0	0	0	0	0.04	0.01	0	0.05	0.07	0.07	0.1	0.17	0.2	0.23	0.28	0.36	0.38	0.53	0.47	0.58
baby	0.05	0.03	0.06	0.14	0.17	0.24	0.35	0.47	0.53	0.6	0.73	0.75	0.81	0.85	0.87	0.93	0.91	0.94	0.97	0.92	0.98	0.96	0.97
carrots	0	0	0	0.01	0	0.01	0.01	0.07	0.06	0.07	0.2	0.23	0.26	0.35	0.42	0.47	0.57	0.6	0.69	0.69	0.86	0.8	0.91
green beans									0.03	0.04	0.11	0.11	0.15	0.18	0.23	0.3	0.36	0.41	0.43	0.42	0.59	0.49	0.68
tiger	0	0	0	0.01	0	0	0	0.03	0.08	0.09	0.19	0.23	0.25	0.3	0.42	0.53	0.57	0.59	0.68	0.69	0.84	0.75	0.88
walker									0	0	0.01	0.02	0.04	0.04	0.06	0.1	0.07	0.1	0.17	0.18	0.22	0.21	0.29
which									0	0	0.01	0	0.01	0.01	0.02	0.07	0.07	0.12	0.14	0.09	0.2	0.26	0.31
glue									0	0	0.03	0.05	0.05	0.06	0.1	0.12	0.19	0.24	0.31	0.38	0.51	0.45	0.59
they									0	0	0.01	0.01	0.02	0.03	0.06	0.07	0.08	0.15	0.24	0.25	0.36	0.37	0.44
block	0	0	0	0.02	0.01	0.05	0.09	0.18	0.19	0.22	0.37	0.42	0.45	0.49	0.59	0.65	0.67	0.71	0.76	0.81	0.9	0.8	0.93
toast	0	0	0	0.01	0.01	0.02	0.07	0.11	0.12	0.12	0.23	0.3	0.35	0.33	0.46	0.54	0.58	0.6	0.68	0.72	0.84	0.72	0.87
ated									0	0	0	0	0	0.01	0.01	0	0.01	0.02	0.02	0.04	0.04	0.04	0.05
any									0	0	0.01	0.03	0.03	0.03	0.09	0.09	0.15	0.21	0.34	0.34	0.44	0.44	0.53
for									0	0	0.02	0.03	0.03	0.05	0.12	0.16	0.17	0.25	0.34	0.39	0.54	0.49	0.63
child's own name	0	0.02	0.01	0.02	0.06	0.08	0.12	0.22	0.25	0.33	0.44	0.51	0.52	0.64	0.71	0.72	0.78	0.83	0.86	0.88	0.94	0.91	0.97
cover									0.01	0.01	0.03	0.06	0.07	0.09	0.16	0.22	0.28	0.31	0.45	0.39	0.63	0.56	0.65
men									0.01	0.01	0.02	0.03	0.05	0.03	0.06	0.05	0.09	0.09	0.15	0.11	0.24	0.15	0.25
black									0.02	0.06	0.08	0.12	0.14	0.16	0.31	0.37	0.4	0.48	0.53	0.49	0.73	0.66	0.82
back	0	0	0	0	0	0.01	0	0.05	0.05	0.04	0.1	0.14	0.16	0.16	0.31	0.39	0.38	0.45	0.54	0.54	0.69	0.65	0.78
bunny	0	0	0	0.01	0.04	0.05	0.08	0.24	0.22	0.22	0.43	0.47	0.57	0.55	0.65	0.71	0.75	0.79	0.82	0.82	0.93	0.85	0.92
him									0.01	0	0.01	0.02	0.03	0.06	0.1	0.15	0.13	0.2	0.3	0.33	0.43	0.44	0.52
hold									0.02	0.01	0.1	0.16	0.14	0.23	0.38	0.43	0.45	0.52	0.68	0.59	0.83	0.7	0.84
yum yum	0.11	0.04	0.12	0.14	0.23	0.32	0.36	0.35	0.56	0.53	0.61	0.63	0.64	0.59	0.67	0.73	0.71	0.77	0.82	0.67	0.89	0.77	0.85
tractor									0.06	0.09	0.16	0.19	0.23	0.28	0.42	0.44	0.48	0.51	0.51	0.61	0.73	0.61	0.73
necklace	0	0	0	0	0	0.01	0.01	0.08	0.04	0.09	0.13	0.19	0.19	0.26	0.3	0.4	0.46	0.49	0.54	0.56	0.75	0.63	0.75
satted									0	0	0	0	0	0	0	0	0	0.01	0	0.02	0.01	0.01	0.01
could									0	0	0	0.01	0.02	0.01	0.04	0.04	0.04	0.1	0.14	0.15	0.23	0.26	0.32
rock	0	0	0	0	0.01	0.01	0.05	0.1	0.13	0.19	0.28	0.39	0.36	0.46	0.6	0.65	0.66	0.7	0.79	0.81	0.9	0.83	0.93
mice									0.01	0	0.02	0.02	0.02	0.05	0.03	0.04	0.08	0.09	0.12	0.13	0.23	0.15	0.17
at									0.01	0.02	0.03	0.04	0.07	0.1	0.19	0.21	0.22	0.27	0.42	0.42	0.55	0.51	0.61
show	0	0	0	0	0	0	0	0.02	0.01	0.01	0.04	0.05	0.08	0.12	0.19	0.29	0.31	0.39	0.46	0.46	0.64	0.61	0.76
I sing song / I sing song for you									0	0	0	0	0	0	0	0	0	0	0	0	0	0	0
camping									0.01	0	0.01	0.01	0.03	0.08	0.06	0.1	0.09	0.15	0.22	0.21	0.31	0.31	0.33
there a kitty / there's a kitty									0	0	0	0	0	0	0	0	0	0	0	0	0	0	0
to									0.01	0.02	0.03	0.05	0.08	0.09	0.18	0.25	0.28	0.37	0.49	0.45	0.62	0.55	0.68
same	0	0	0	0	0	0	0	0.01	0	0	0.02	0.02	0.03	0.02	0.09	0.14	0.12	0.2	0.25	0.27	0.35	0.41	0.44
fit									0	0	0.03	0.04	0.05	0.06	0.12	0.18	0.22	0.29	0.38	0.37	0.54	0.51	0.6
basement									0.01	0.01	0.02	0.03	0.04	0.08	0.11	0.14	0.12	0.18	0.21	0.26	0.28	0.22	0.24
star	0	0	0	0	0	0.01	0.03	0.06	0.11	0.18	0.25	0.31	0.37	0.5	0.53	0.56	0.67	0.72	0.71	0.76	0.88	0.82	0.91
kitty sleep / kitty sleeping									0	0	0	0	0	0	0	0	0	0	0	0	0	0	0
tired	0	0	0	0.01	0	0	0.02	0.03	0.02	0.03	0.06	0.1	0.14	0.18	0.3	0.39	0.39	0.48	0.56	0.56	0.77	0.68	0.82
took									0	0	0.01	0.02	0.03	0.02	0.09	0.07	0.11	0.16	0.22	0.22	0.4	0.26	0.4
so									0	0.01	0.01	0.02	0.03	0.05	0.07	0.1	0.1	0.16	0.2	0.25	0.29	0.3	0.38
on top of									0.01	0.01	0.02	0.04	0.05	0.06	0.13	0.18	0.19	0.27	0.32	0.37	0.49	0.52	0.61
us									0	0	0	0.01	0.01	0.02	0.07	0.06	0.07	0.12	0.16	0.17	0.26	0.31	0.34
fall	0	0	0	0	0	0.01	0.02	0.04	0.04	0.07	0.14	0.23	0.24	0.33	0.47	0.57	0.61	0.7	0.8	0.75	0.9	0.8	0.93
hair	0	0	0	0.01	0.01	0.04	0.08	0.23	0.21	0.27	0.45	0.55	0.59	0.67	0.73	0.83	0.82	0.86	0.88	0.92	0.97	0.93	0.96
